06/24/17 09:27,167,114,0,661,56,22
06/24/17 09:27,4,239,99,780,10,15
06/24/17 09:27,185,108,50,32,142,3
06/24/17 09:27,162,6,177,665,98,20
06/24/17 09:27,64,129,241,88,124,29
06/24/17 09:27,187,231,33,908,101,25
06/24/17 09:27,157,188,189,156,67,7
06/24/17 09:27,81,58,154,989,31,5
06/24/17 09:27,200,279,27,361,123,16
06/24/17 09:27,98,84,194,598,120,29
06/24/17 09:27,71,226,151,690,80,4
06/24/17 09:27,31,163,77,962,133,17
06/24/17 09:27,65,282,144,337,115,26
06/24/17 09:27,169,22,62,103,87,1
06/24/17 09:27,186,248,109,134,26,4
06/24/17 09:27,82,228,11,669,39,17
06/24/17 09:27,140,158,87,411,4,5
06/24/17 09:27,38,262,57,749,59,8
06/24/17 09:27,186,137,250,938,59,20
06/24/17 09:27,67,201,70,800,97,23
06/24/17 09:27,44,108,53,50,25,28
06/24/17 09:27,132,145,88,266,49,3
06/24/17 09:27,164,36,11,606,115,30
06/24/17 09:27,91,74,106,814,57,21
06/24/17 09:27,65,292,210,420,5,26
06/24/17 09:27,126,121,118,604,72,1
06/24/17 09:27,32,16,157,10,131,19
06/24/17 09:27,144,40,17,936,131,27
06/24/17 09:27,73,197,205,708,136,28
06/24/17 09:27,142,154,243,67,136,30
06/24/17 09:27,79,290,78,462,61,15
06/24/17 09:27,63,145,155,128,26,11
06/24/17 09:27,97,149,76,725,23,28
06/24/17 09:27,85,258,39,834,73,27
06/24/17 09:27,169,20,53,655,130,26
06/24/17 09:27,97,60,75,338,95,9
06/24/17 09:27,142,23,9,797,106,8
06/24/17 09:27,59,37,36,643,79,15
06/24/17 09:27,200,275,39,650,59,27
06/24/17 09:27,98,0,232,235,79,29
06/24/17 09:27,138,163,95,968,44,23
06/24/17 09:27,146,10,75,790,148,18
06/24/17 09:27,192,155,106,343,142,26
06/24/17 09:27,54,1,133,511,97,30
06/24/17 09:27,30,271,201,542,51,20
06/24/17 09:27,63,256,104,965,10,30
06/24/17 09:27,7,62,151,593,141,10
06/24/17 09:27,13,91,217,649,142,12
06/24/17 09:27,180,23,130,565,28,16
06/24/17 09:27,156,75,115,54,37,9
06/24/17 09:27,198,220,14,290,131,4
06/24/17 09:27,97,101,235,457,51,3
06/24/17 09:27,138,72,183,130,14,19
06/24/17 09:27,147,182,68,186,73,22
06/24/17 09:27,185,206,178,782,124,17
06/24/17 09:27,49,59,24,452,120,14
06/24/17 09:27,151,140,40,498,19,25
06/24/17 09:27,78,234,39,44,117,25
06/24/17 09:27,22,194,58,894,86,12
06/24/17 09:27,84,27,132,408,143,25
06/24/17 09:27,187,179,181,275,98,9
06/24/17 09:27,38,270,166,585,51,14
06/24/17 09:27,116,38,244,636,18,3
06/24/17 09:27,93,41,100,588,132,23
06/24/17 09:27,6,271,107,353,120,14
06/24/17 09:27,11,163,62,20,34,4
06/24/17 09:27,160,68,75,270,62,27
06/24/17 09:27,68,223,2,461,34,28
06/24/17 09:27,128,255,32,163,123,1
06/24/17 09:27,188,145,154,924,111,17
06/24/17 09:27,132,266,110,605,137,10
06/24/17 09:27,120,179,187,680,50,20
06/24/17 09:27,45,59,39,670,111,16
06/24/17 09:27,73,87,241,118,92,22
06/24/17 09:27,127,240,106,969,138,29
06/24/17 09:27,194,189,109,65,24,17
06/24/17 09:27,68,90,19,866,56,12
06/24/17 09:27,75,178,44,45,77,7
06/24/17 09:27,79,174,67,332,123,11
06/24/17 09:27,27,150,164,627,19,17
06/24/17 09:27,57,73,119,818,65,4
06/24/17 09:27,60,189,59,856,32,19
06/24/17 09:27,124,160,94,10,55,21
06/24/17 09:27,159,78,208,339,149,5
06/24/17 09:27,195,151,4,229,106,21
06/24/17 09:27,178,101,73,98,101,3
06/24/17 09:27,187,165,181,525,90,30
06/24/17 09:27,104,116,237,316,120,4
06/24/17 09:27,182,168,205,776,30,9
06/24/17 09:27,143,59,100,764,1,24
06/24/17 09:27,59,278,95,373,110,30
06/24/17 09:27,83,42,28,495,86,10
06/24/17 09:27,28,122,83,498,80,23
06/24/17 09:27,17,128,131,780,125,19
06/24/17 09:27,53,249,96,793,126,21
06/24/17 09:27,167,111,219,556,141,29
06/24/17 09:27,96,199,137,738,10,26
06/24/17 09:27,63,292,151,812,122,23
06/24/17 09:27,192,288,194,248,104,22
06/24/17 09:27,19,254,249,673,25,6
06/24/17 09:27,0,231,166,488,135,12
06/24/17 09:27,7,89,122,650,110,29
06/24/17 09:27,173,282,221,656,94,16
06/24/17 09:27,196,13,15,187,12,17
06/24/17 09:27,180,141,109,296,129,15
06/24/17 09:27,199,263,72,296,63,8
06/24/17 09:27,177,181,13,438,110,23
06/24/17 09:27,101,127,78,598,67,14
06/24/17 09:27,14,95,112,577,27,10
06/24/17 09:27,33,201,79,999,96,3
06/24/17 09:27,127,156,0,786,147,10
06/24/17 09:27,120,257,188,569,145,8
06/24/17 09:27,173,152,97,712,14,20
06/24/17 09:27,52,268,145,219,103,8
06/24/17 09:27,40,221,158,4,65,8
06/24/17 09:27,105,283,15,925,30,8
06/24/17 09:27,112,109,15,32,85,24
06/24/17 09:27,192,255,131,840,132,9
06/24/17 09:27,149,290,233,636,148,27
06/24/17 09:27,15,78,160,304,102,15
06/24/17 09:27,151,105,17,859,45,29
06/24/17 09:27,57,155,157,81,85,30
06/24/17 09:27,55,219,171,667,130,27
06/24/17 09:27,136,17,175,924,32,15
06/24/17 09:27,105,45,59,998,71,19
06/24/17 09:27,123,212,47,624,142,2
06/24/17 09:27,110,44,70,238,112,18
06/24/17 09:27,120,98,13,672,68,20
06/24/17 09:27,15,222,103,692,88,17
06/24/17 09:27,47,104,105,756,21,28
06/24/17 09:27,114,32,200,273,120,23
06/24/17 09:27,79,45,38,847,50,7
06/24/17 09:27,36,230,123,16,105,28
06/24/17 09:27,105,93,244,45,111,30
06/24/17 09:27,81,258,234,64,81,28
06/24/17 09:27,126,193,47,445,72,30
06/24/17 09:27,58,125,222,318,84,19
06/24/17 09:27,145,128,208,148,148,22
06/24/17 09:27,124,22,93,431,27,10
06/24/17 09:27,192,106,244,381,117,20
06/24/17 09:27,146,244,139,277,148,15
06/24/17 09:27,145,76,115,595,48,22
06/24/17 09:27,60,142,110,475,140,4
06/24/17 09:27,190,166,215,236,143,17
06/24/17 09:27,23,56,203,322,48,29
06/24/17 09:27,58,136,175,96,110,21
06/24/17 09:27,85,91,9,532,129,30
06/24/17 09:27,189,213,29,23,142,5
06/24/17 09:27,0,215,196,965,10,19
06/24/17 09:27,178,184,187,594,31,3
06/24/17 09:27,82,287,92,762,56,17
06/24/17 09:27,67,232,12,553,14,26
06/24/17 09:27,166,40,159,293,84,24
06/24/17 09:27,70,244,208,825,127,28
06/24/17 09:27,56,262,235,260,116,10
06/24/17 09:27,199,125,165,763,63,3
06/24/17 09:27,137,170,77,367,39,6
06/24/17 09:27,161,139,115,868,36,12
06/24/17 09:27,187,88,229,342,66,10
06/24/17 09:27,12,252,46,659,125,18
06/24/17 09:27,84,136,133,387,110,30
06/24/17 09:27,18,196,239,735,80,7
06/24/17 09:27,187,92,228,829,48,22
06/24/17 09:27,94,216,100,180,35,19
06/24/17 09:27,94,46,38,818,31,26
06/24/17 09:27,169,235,241,938,75,27
06/24/17 09:27,93,121,43,201,30,10
06/24/17 09:27,20,158,194,722,114,17
06/24/17 09:27,197,99,250,289,52,22
06/24/17 09:27,78,117,115,380,149,14
06/24/17 09:27,83,94,189,932,111,8
06/24/17 09:27,170,193,46,211,133,19
06/24/17 09:27,154,77,242,602,15,8
06/24/17 09:27,147,125,82,464,143,27
06/24/17 09:27,118,288,66,484,77,7
06/24/17 09:27,13,136,127,879,133,21
06/24/17 09:27,19,172,210,20,70,18
06/24/17 09:27,146,166,218,531,4,16
06/24/17 09:27,90,111,5,614,111,18
06/24/17 09:27,167,217,215,184,111,1
06/24/17 09:27,36,136,132,638,54,8
06/24/17 09:27,43,223,246,306,12,22
06/24/17 09:27,44,117,204,854,137,29
06/24/17 09:27,29,64,13,366,141,16
06/24/17 09:27,154,55,95,485,108,28
06/24/17 09:27,4,111,93,554,142,23
06/24/17 09:27,66,273,92,30,108,15
06/24/17 09:27,166,151,120,512,104,19
06/24/17 09:27,191,129,120,134,92,23
06/24/17 09:27,127,116,99,278,22,11
06/24/17 09:27,27,226,242,359,23,18
06/24/17 09:27,14,97,240,72,32,27
06/24/17 09:27,15,143,43,521,0,17
06/24/17 09:27,154,211,45,47,147,29
06/24/17 09:27,18,204,109,442,82,18
06/24/17 09:27,140,57,38,351,127,25
06/24/17 09:27,43,74,167,493,106,15
06/24/17 09:27,168,262,39,269,47,13
06/24/17 09:27,88,282,238,632,44,23
06/24/17 09:27,94,293,13,206,28,24
06/24/17 09:27,147,147,102,522,48,10
06/24/17 09:27,199,109,66,802,113,17
06/24/17 09:27,18,173,68,857,93,27
06/24/17 09:27,58,81,67,895,33,22
06/24/17 09:27,193,147,130,121,91,10
06/24/17 09:27,35,291,9,243,37,14
06/24/17 09:27,154,225,115,120,57,2
06/24/17 09:27,120,101,230,508,31,5
06/24/17 09:27,105,262,90,334,89,26
06/24/17 09:27,36,288,247,394,60,15
06/24/17 09:27,62,74,234,210,41,24
06/24/17 09:27,64,69,33,490,133,14
06/24/17 09:27,150,183,154,611,48,26
06/24/17 09:27,57,11,91,384,106,3
06/24/17 09:27,13,94,196,739,113,15
06/24/17 09:27,20,217,144,839,35,20
06/24/17 09:27,62,238,55,227,139,6
06/24/17 09:27,176,119,197,371,136,22
06/24/17 09:27,113,31,243,803,63,26
06/24/17 09:27,105,300,66,877,20,30
06/24/17 09:27,43,232,23,818,146,30
06/24/17 09:27,104,74,235,174,100,24
06/24/17 09:27,148,189,39,874,64,22
06/24/17 09:27,99,9,10,813,2,5
06/24/17 09:27,2,112,157,581,28,25
06/24/17 09:27,18,164,153,899,140,7
06/24/17 09:27,169,243,204,445,65,30
06/24/17 09:27,160,129,163,769,100,30
06/24/17 09:27,35,246,95,787,31,26
06/24/17 09:27,91,290,214,712,16,30
06/24/17 09:27,107,111,94,124,12,11
06/24/17 09:27,69,251,89,442,63,21
06/24/17 09:27,153,119,199,631,40,24
06/24/17 09:27,110,276,30,815,26,14
06/24/17 09:27,129,265,51,275,122,18
06/24/17 09:27,113,98,12,148,98,25
06/24/17 09:27,200,195,6,832,115,23
06/24/17 09:27,180,78,95,91,9,24
06/24/17 09:27,178,40,171,841,117,18
06/24/17 09:27,71,221,197,668,84,9
06/24/17 09:27,31,203,140,547,22,4
06/24/17 09:27,27,57,194,94,146,8
06/24/17 09:27,45,295,233,251,130,26
06/24/17 09:27,147,208,22,889,36,25
06/24/17 09:27,106,275,15,745,12,27
06/24/17 09:27,168,222,236,66,96,10
06/24/17 09:27,19,204,55,709,146,13
06/24/17 09:27,83,241,118,789,76,22
06/24/17 09:27,178,267,237,874,69,22
06/24/17 09:27,44,19,1,573,62,11
06/24/17 09:27,64,272,38,102,1,20
06/24/17 09:27,132,142,10,969,127,17
06/24/17 09:27,130,98,86,772,61,20
06/24/17 09:27,26,272,168,330,105,9
06/24/17 09:27,193,221,106,891,96,3
06/24/17 09:27,125,93,69,471,4,3
06/24/17 09:27,140,28,0,17,25,30
06/24/17 09:27,128,134,183,513,0,5
06/24/17 09:27,60,113,71,167,62,1
06/24/17 09:27,147,153,55,357,58,17
06/24/17 09:27,104,250,91,54,61,5
06/24/17 09:27,36,45,212,136,139,3
06/24/17 09:27,36,157,147,775,5,19
06/24/17 09:27,52,212,25,865,143,29
06/24/17 09:27,16,6,91,969,100,2
06/24/17 09:27,159,136,247,943,50,26
06/24/17 09:27,3,130,126,265,60,5
06/24/17 09:27,164,287,168,984,148,2
06/24/17 09:27,35,62,136,576,87,29
06/24/17 09:27,163,218,52,772,11,10
06/24/17 09:27,34,148,154,507,84,13
06/24/17 09:27,76,101,118,365,41,10
06/24/17 09:27,138,241,81,754,136,6
06/24/17 09:27,131,11,36,150,36,4
06/24/17 09:27,105,257,71,589,68,21
06/24/17 09:27,136,185,161,954,88,1
06/24/17 09:27,74,286,249,956,43,5
06/24/17 09:27,20,154,225,922,83,19
06/24/17 09:27,156,159,212,645,56,19
06/24/17 09:27,177,70,159,479,148,26
06/24/17 09:27,59,144,176,148,75,17
06/24/17 09:27,96,206,105,606,3,17
06/24/17 09:27,104,100,122,802,36,30
06/24/17 09:27,182,27,73,953,76,29
06/24/17 09:27,4,280,26,361,139,11
06/24/17 09:27,63,270,46,902,27,27
06/24/17 09:27,64,260,227,584,10,10
06/24/17 09:27,117,70,134,976,74,22
06/24/17 09:27,36,43,235,715,87,28
06/24/17 09:27,104,25,188,885,115,13
06/24/17 09:27,134,260,145,505,149,24
06/24/17 09:27,122,98,107,320,37,27
06/24/17 09:27,144,53,170,638,36,19
06/24/17 09:27,10,243,184,884,15,9
06/24/17 09:27,99,258,189,562,134,13
06/24/17 09:27,182,109,127,305,2,21
06/24/17 09:27,71,64,28,52,86,12
06/24/17 09:27,82,179,136,647,19,29
06/24/17 09:27,143,188,95,661,42,30
06/24/17 09:27,160,72,6,4,14,30
06/24/17 09:27,92,60,24,822,94,14
06/24/17 09:27,1,67,151,536,134,21
06/24/17 09:27,1,70,211,935,139,1
06/24/17 09:27,193,150,26,209,60,17
06/24/17 09:27,67,243,25,742,47,17
06/24/17 09:27,52,234,13,476,87,23
06/24/17 09:27,114,258,65,768,28,13
06/24/17 09:27,168,274,9,601,50,11
06/24/17 09:27,62,173,176,692,37,11
06/24/17 09:27,175,120,149,477,118,7
06/24/17 09:27,42,91,241,669,19,6
06/24/17 09:27,51,142,84,368,82,29
06/24/17 09:27,3,223,57,69,89,19
06/24/17 09:27,102,209,201,817,66,4
06/24/17 09:27,53,169,84,907,73,25
06/24/17 09:27,46,295,89,114,66,28
06/24/17 09:27,5,38,59,889,124,29
06/24/17 09:27,50,299,37,761,76,8
06/24/17 09:27,13,110,190,903,86,14
06/24/17 09:27,127,173,60,238,146,13
06/24/17 09:27,174,188,245,327,34,16
06/24/17 09:27,154,50,87,431,2,11
06/24/17 09:27,35,95,154,239,118,13
06/24/17 09:27,48,16,120,652,149,30
06/24/17 09:27,127,79,160,992,85,27
06/24/17 09:27,35,190,176,261,103,25
06/24/17 09:27,146,207,192,475,17,2
06/24/17 09:27,49,5,13,651,43,3
06/24/17 09:27,120,296,119,957,76,3
06/24/17 09:27,143,84,56,269,37,4
06/24/17 09:27,36,206,30,980,143,21
06/24/17 09:27,134,32,77,34,36,9
06/24/17 09:27,119,187,91,237,99,27
06/24/17 09:27,195,167,250,306,125,22
06/24/17 09:27,93,74,62,82,65,6
06/24/17 09:27,49,117,230,263,35,20
06/24/17 09:27,76,8,166,450,3,19
06/24/17 09:27,151,127,173,701,57,18
06/24/17 09:27,84,101,172,279,33,7
06/24/17 09:27,12,236,214,937,62,17
06/24/17 09:27,154,76,20,100,93,2
06/24/17 09:27,102,58,170,652,0,4
06/24/17 09:27,95,12,42,388,84,8
06/24/17 09:27,62,51,172,513,36,26
06/24/17 09:27,37,260,209,872,112,30
06/24/17 09:27,81,208,151,762,27,1
06/24/17 09:27,139,226,227,554,101,5
06/24/17 09:27,126,159,148,439,142,27
06/24/17 09:27,153,153,96,83,11,27
06/24/17 09:27,140,121,196,816,8,17
06/24/17 09:27,189,260,31,425,132,23
06/24/17 09:27,182,42,169,370,0,9
06/24/17 09:27,130,146,160,411,77,21
06/24/17 09:27,115,247,190,336,29,3
06/24/17 09:27,15,155,102,734,91,13
06/24/17 09:27,50,20,205,27,32,11
06/24/17 09:27,43,186,23,709,0,15
06/24/17 09:27,43,229,21,82,97,23
06/24/17 09:27,169,132,245,611,46,1
06/24/17 09:27,0,221,109,441,109,13
06/24/17 09:27,115,298,69,39,105,2
06/24/17 09:27,133,272,193,277,22,13
06/24/17 09:27,1,152,249,761,16,6
06/24/17 09:27,96,1,17,113,65,15
06/24/17 09:27,38,52,11,216,34,18
06/24/17 09:27,16,242,53,728,26,26
06/24/17 09:27,196,218,109,443,64,20
06/24/17 09:27,53,9,175,525,41,30
06/24/17 09:27,126,277,164,779,117,8
06/24/17 09:27,192,47,202,832,86,1
06/24/17 09:27,60,165,114,135,87,3
06/24/17 09:27,172,194,82,568,34,1
06/24/17 09:27,33,182,174,652,30,8
06/24/17 09:27,31,67,183,551,11,12
06/24/17 09:27,46,127,47,826,54,19
06/24/17 09:27,59,230,42,290,144,4
06/24/17 09:27,168,17,163,512,67,28
06/24/17 09:27,120,131,18,861,10,12
06/24/17 09:27,84,243,22,622,54,14
06/24/17 09:27,58,11,79,196,133,19
06/24/17 09:27,107,131,94,120,65,20
06/24/17 09:27,61,122,221,68,131,25
06/24/17 09:27,113,31,92,82,94,15
06/24/17 09:27,28,229,42,455,138,5
06/24/17 09:27,32,271,244,739,145,13
06/24/17 09:27,198,149,100,683,85,21
06/24/17 09:27,18,47,174,175,76,21
06/24/17 09:27,150,289,246,172,111,14
06/24/17 09:27,19,287,103,518,6,11
06/24/17 09:27,69,253,22,237,56,26
06/24/17 09:27,61,249,95,49,121,16
06/24/17 09:27,20,256,114,735,99,13
06/24/17 09:27,199,215,72,111,98,20
06/24/17 09:27,15,154,190,459,22,18
06/24/17 09:27,85,196,202,984,97,8
06/24/17 09:27,137,196,35,388,61,17
06/24/17 09:27,145,17,196,391,18,26
06/24/17 09:27,161,34,86,933,105,27
06/24/17 09:27,35,31,182,951,123,1
06/24/17 09:27,111,176,20,784,138,16
06/24/17 09:27,54,19,136,740,148,8
06/24/17 09:27,161,173,241,304,118,8
06/24/17 09:27,108,138,204,56,3,20
06/24/17 09:27,33,89,209,474,5,8
06/24/17 09:27,11,219,131,553,71,24
06/24/17 09:27,77,64,90,836,10,2
06/24/17 09:27,88,42,241,638,61,12
06/24/17 09:27,157,96,228,821,112,11
06/24/17 09:27,145,22,102,732,102,15
06/24/17 09:27,188,136,162,618,33,23
06/24/17 09:27,181,190,85,468,74,22
06/24/17 09:27,50,288,221,790,90,17
06/24/17 09:27,73,88,97,262,75,25
06/24/17 09:27,98,255,10,576,48,30
06/24/17 09:27,113,150,6,991,7,7
06/24/17 09:27,21,135,239,65,54,20
06/24/17 09:27,175,99,40,144,129,13
06/24/17 09:27,190,236,36,371,111,20
06/24/17 09:27,134,92,142,456,81,30
06/24/17 09:27,53,261,232,126,9,1
06/24/17 09:27,58,227,149,356,65,16
06/24/17 09:27,122,174,106,61,38,9
06/24/17 09:27,19,84,15,83,20,4
06/24/17 09:27,19,236,223,221,126,16
06/24/17 09:27,62,223,239,765,73,26
06/24/17 09:27,34,23,131,326,68,30
06/24/17 09:27,87,80,164,358,10,15
06/24/17 09:27,196,89,107,971,53,2
06/24/17 09:27,31,74,49,121,146,8
06/24/17 09:27,190,192,227,831,11,25
06/24/17 09:27,147,263,37,36,25,18
06/24/17 09:27,5,257,38,12,13,19
06/24/17 09:27,22,33,238,309,98,20
06/24/17 09:27,140,289,241,101,63,22
06/24/17 09:27,15,77,88,702,89,6
06/24/17 09:27,131,208,196,948,61,14
06/24/17 09:27,106,47,199,385,78,20
06/24/17 09:27,195,298,77,562,8,1
06/24/17 09:27,104,224,46,751,97,7
06/24/17 09:27,14,16,31,264,71,20
06/24/17 09:27,143,27,112,287,78,1
06/24/17 09:27,190,40,134,286,72,11
06/24/17 09:27,128,216,106,25,98,2
06/24/17 09:27,154,31,213,430,84,8
06/24/17 09:27,145,138,228,910,46,14
06/24/17 09:27,71,263,190,605,110,17
06/24/17 09:27,162,174,143,577,68,25
06/24/17 09:27,168,119,109,800,93,24
06/24/17 09:27,178,163,194,327,56,20
06/24/17 09:27,197,222,2,425,48,13
06/24/17 09:27,51,11,117,884,75,5
06/24/17 09:27,15,178,241,259,18,1
06/24/17 09:27,135,291,6,728,138,16
06/24/17 09:27,142,34,183,238,97,11
06/24/17 09:27,80,207,106,541,30,14
06/24/17 09:27,32,15,107,531,94,10
06/24/17 09:27,87,59,206,549,75,17
06/24/17 09:27,4,262,97,263,149,14
06/24/17 09:27,91,24,15,605,68,4
06/24/17 09:27,145,134,35,958,58,2
06/24/17 09:27,133,218,53,750,102,23
06/24/17 09:27,98,42,104,89,105,20
06/24/17 09:27,145,31,216,459,126,7
06/24/17 09:27,108,20,230,185,145,21
06/24/17 09:27,77,238,133,762,57,22
06/24/17 09:27,191,79,11,929,31,10
06/24/17 09:27,128,241,245,632,21,3
06/24/17 09:27,124,219,31,290,83,17
06/24/17 09:27,112,198,107,424,78,28
06/24/17 09:27,128,0,183,576,47,22
06/24/17 09:27,44,16,185,861,50,10
06/24/17 09:27,156,233,219,835,12,1
06/24/17 09:27,47,265,53,311,114,24
06/24/17 09:27,15,292,113,191,111,17
06/24/17 09:27,183,230,91,95,75,27
06/24/17 09:27,93,213,200,276,43,14
06/24/17 09:27,52,215,167,238,68,6
06/24/17 09:27,115,141,40,146,105,10
06/24/17 09:27,143,14,12,830,15,16
06/24/17 09:27,107,109,82,764,1,19
06/24/17 09:27,61,28,201,745,122,20
06/24/17 09:27,20,199,66,574,132,21
06/24/17 09:27,20,108,220,282,132,23
06/24/17 09:27,171,181,136,370,111,20
06/24/17 09:27,59,267,218,367,79,21
06/24/17 09:27,188,83,228,831,113,7
06/24/17 09:27,145,104,201,23,85,1
06/24/17 09:27,198,280,87,535,28,7
06/24/17 09:27,134,247,65,469,26,28
06/24/17 09:27,123,135,53,842,57,17
06/24/17 09:27,46,296,197,584,52,7
06/24/17 09:27,117,47,78,864,134,19
06/24/17 09:27,75,262,179,999,134,27
06/24/17 09:27,5,267,249,81,3,18
06/24/17 09:27,95,287,106,139,144,16
06/24/17 09:27,55,201,140,335,27,28
06/24/17 09:27,11,192,31,304,69,20
06/24/17 09:27,33,138,70,400,108,2
06/24/17 09:27,103,143,180,24,58,27
06/24/17 09:27,140,267,31,581,129,10
06/24/17 09:27,18,98,53,679,24,24
06/24/17 09:27,53,165,98,645,14,2
06/24/17 09:27,96,14,155,258,140,16
06/24/17 09:27,114,121,173,98,144,26
06/24/17 09:27,5,261,168,330,29,13
06/24/17 09:27,43,223,204,269,23,13
06/24/17 09:27,122,223,8,952,44,3
06/24/17 09:27,177,232,11,490,131,11
06/24/17 09:27,103,81,110,229,71,11
06/24/17 09:27,155,146,125,336,5,21
06/24/17 09:27,115,189,167,270,74,8
06/24/17 09:27,20,69,176,6,34,1
06/24/17 09:27,75,77,249,224,56,16
06/24/17 09:27,51,147,92,909,80,24
06/24/17 09:27,82,21,19,251,20,9
06/24/17 09:27,140,108,243,531,107,30
06/24/17 09:27,174,176,142,778,22,16
06/24/17 09:27,83,219,181,298,81,23
06/24/17 09:27,119,98,99,225,146,29
06/24/17 09:27,131,68,118,554,59,2
06/24/17 09:27,39,87,107,596,131,24
06/24/17 09:27,139,159,0,23,22,15
06/24/17 09:27,152,186,83,847,73,3
06/24/17 09:27,191,83,67,568,37,7
06/24/17 09:27,161,104,165,695,87,7
06/24/17 09:27,26,18,149,669,50,4
06/24/17 09:27,96,45,67,456,23,16
06/24/17 09:27,142,37,148,379,66,15
06/24/17 09:27,0,131,63,461,133,1
06/24/17 09:27,16,300,6,414,94,28
06/24/17 09:27,93,117,51,740,30,5
06/24/17 09:27,9,105,17,80,13,22
06/24/17 09:27,196,146,192,718,69,5
06/24/17 09:27,145,272,31,362,17,2
06/24/17 09:27,135,283,151,622,104,18
06/24/17 09:27,69,1,164,734,121,15
06/24/17 09:27,28,229,136,981,77,22
06/24/17 09:27,50,294,70,807,64,27
06/24/17 09:27,180,229,116,591,14,18
06/24/17 09:27,111,66,246,265,146,9
06/24/17 09:27,41,283,187,302,137,21
06/24/17 09:27,131,26,39,121,150,30
06/24/17 09:27,12,150,57,392,45,22
06/24/17 09:27,5,225,130,872,113,25
06/24/17 09:27,199,16,16,955,150,4
06/24/17 09:27,113,38,246,114,131,14
06/24/17 09:27,151,69,140,199,134,2
06/24/17 09:27,21,291,230,577,131,25
06/24/17 09:27,79,259,193,815,58,21
06/24/17 09:27,14,7,167,669,56,2
06/24/17 09:27,197,15,56,999,125,4
06/24/17 09:27,139,156,155,988,76,15
06/24/17 09:27,136,265,184,44,68,5
06/24/17 09:27,167,293,231,751,75,22
06/24/17 09:27,108,297,132,292,5,6
06/24/17 09:27,81,201,149,600,150,16
06/24/17 09:27,77,290,151,329,127,7
06/24/17 09:27,45,61,49,297,89,11
06/24/17 09:27,189,222,30,249,47,25
06/24/17 09:27,175,240,161,643,23,1
06/24/17 09:27,54,238,112,188,95,2
06/24/17 09:27,18,264,196,384,142,11
06/24/17 09:27,121,265,55,792,82,19
06/24/17 09:27,70,276,177,850,5,3
06/24/17 09:27,143,145,250,636,33,15
06/24/17 09:27,42,196,228,736,143,17
06/24/17 09:27,136,240,148,757,42,5
06/24/17 09:27,69,157,73,397,139,28
06/24/17 09:27,146,279,32,465,129,24
06/24/17 09:27,69,45,234,442,122,21
06/24/17 09:27,20,78,187,590,86,16
06/24/17 09:27,136,18,127,221,52,23
06/24/17 09:27,199,215,144,859,128,30
06/24/17 09:27,145,105,57,616,92,1
06/24/17 09:27,191,56,116,523,35,23
06/24/17 09:27,124,255,36,323,59,22
06/24/17 09:27,52,246,103,54,114,7
06/24/17 09:27,78,55,150,677,18,13
06/24/17 09:27,42,256,4,937,138,10
06/24/17 09:27,75,222,75,888,50,8
06/24/17 09:27,185,142,159,755,99,30
06/24/17 09:27,127,83,116,184,90,8
06/24/17 09:27,124,17,87,373,139,23
06/24/17 09:27,114,230,179,43,34,21
06/24/17 09:27,20,108,93,425,67,9
06/24/17 09:27,131,79,233,355,86,4
06/24/17 09:27,111,287,31,45,1,3
06/24/17 09:27,58,113,145,618,137,6
06/24/17 09:27,34,199,1,92,33,18
06/24/17 09:27,11,170,236,476,122,18
06/24/17 09:27,35,89,87,355,7,6
06/24/17 09:27,138,46,97,889,132,21
06/24/17 09:27,78,247,167,644,118,3
06/24/17 09:27,200,114,176,131,38,12
06/24/17 09:27,108,24,108,411,72,6
06/24/17 09:27,118,97,170,410,108,26
06/24/17 09:27,186,234,199,251,106,12
06/24/17 09:27,17,12,189,389,102,10
06/24/17 09:27,163,288,80,574,38,2
06/24/17 09:27,152,38,110,715,24,3
06/24/17 09:27,117,103,177,707,45,22
06/24/17 09:27,44,147,243,601,4,26
06/24/17 09:27,133,188,48,57,40,27
06/24/17 09:27,21,275,71,689,78,18
06/24/17 09:27,68,290,131,550,98,22
06/24/17 09:27,13,237,211,505,103,7
06/24/17 09:27,2,100,100,9,58,13
06/24/17 09:27,95,147,201,224,129,13
06/24/17 09:27,87,230,164,90,18,2
06/24/17 09:27,60,193,75,284,25,20
06/24/17 09:27,153,253,170,491,20,26
06/24/17 09:27,59,22,22,53,27,12
06/24/17 09:27,29,47,166,647,41,13
06/24/17 09:27,130,51,43,518,34,26
06/24/17 09:27,108,44,78,647,137,17
06/24/17 09:27,184,256,138,569,95,14
06/24/17 09:27,63,274,44,584,9,11
06/24/17 09:27,7,165,227,582,127,25
06/24/17 09:27,197,58,124,619,41,18
06/24/17 09:27,183,231,236,164,108,9
06/24/17 09:27,34,288,210,674,33,15
06/24/17 09:27,30,142,16,455,130,1
06/24/17 09:27,11,249,78,934,98,24
06/24/17 09:27,141,68,227,789,110,16
06/24/17 09:27,22,98,181,985,116,3
06/24/17 09:27,82,58,44,46,143,22
06/24/17 09:27,66,75,109,238,95,6
06/24/17 09:27,141,291,213,828,85,13
06/24/17 09:27,43,88,139,977,109,3
06/24/17 09:27,197,146,227,132,4,10
06/24/17 09:27,170,78,127,804,65,6
06/24/17 09:27,59,55,16,46,100,26
06/24/17 09:27,154,201,183,656,76,18
06/24/17 09:27,46,275,15,610,6,1
06/24/17 09:27,87,134,217,482,52,30
06/24/17 09:27,193,290,212,951,57,5
06/24/17 09:27,69,16,219,97,9,22
06/24/17 09:27,0,75,12,719,46,29
06/24/17 09:27,43,251,137,586,117,5
06/24/17 09:27,15,78,48,718,71,11
06/24/17 09:27,175,70,4,53,36,26
06/24/17 09:27,133,197,106,87,103,17
06/24/17 09:27,184,145,102,809,112,9
06/24/17 09:27,58,151,28,906,101,14
06/24/17 09:27,51,189,166,525,0,18
06/24/17 09:27,1,284,23,163,116,10
06/24/17 09:27,49,294,162,702,123,29
06/24/17 09:27,109,142,158,203,16,9
06/24/17 09:27,42,55,5,786,46,30
06/24/17 09:27,170,60,237,109,150,30
06/24/17 09:27,22,79,9,247,37,17
06/24/17 09:27,124,150,234,103,110,5
06/24/17 09:27,159,102,147,801,76,8
06/24/17 09:27,88,140,248,93,27,1
06/24/17 09:27,76,25,58,737,138,7
06/24/17 09:27,160,194,194,829,145,25
06/24/17 09:27,44,136,175,981,119,22
06/24/17 09:27,124,112,18,653,41,13
06/24/17 09:27,26,11,168,819,55,18
06/24/17 09:27,83,235,164,546,94,30
06/24/17 09:27,7,285,195,684,99,22
06/24/17 09:27,65,197,120,682,117,21
06/24/17 09:27,75,12,37,356,75,5
06/24/17 09:27,21,184,27,736,55,30
06/24/17 09:27,66,170,211,569,32,23
06/24/17 09:27,103,166,63,566,72,12
06/24/17 09:27,148,90,54,687,67,20
06/24/17 09:27,164,92,250,631,80,6
06/24/17 09:27,22,207,57,351,109,9
06/24/17 09:27,121,210,219,37,41,22
06/24/17 09:27,66,146,110,998,85,26
06/24/17 09:27,160,90,88,199,67,27
06/24/17 09:27,48,106,22,918,113,5
06/24/17 09:27,45,222,196,498,28,3
06/24/17 09:27,35,38,14,304,111,28
06/24/17 09:27,191,52,170,306,85,28
06/24/17 09:27,6,265,130,363,91,4
06/24/17 09:27,86,234,32,363,139,19
06/24/17 09:27,47,209,219,929,40,20
06/24/17 09:27,108,113,201,480,77,21
06/24/17 09:27,188,13,237,193,34,8
06/24/17 09:27,5,244,152,312,66,27
06/24/17 09:27,42,198,233,555,39,4
06/24/17 09:27,123,65,207,975,13,19
06/24/17 09:27,82,223,19,354,22,13
06/24/17 09:27,93,152,47,288,111,21
06/24/17 09:27,117,108,180,186,31,18
06/24/17 09:27,96,182,81,904,105,11
06/24/17 09:27,73,226,205,705,41,28
06/24/17 09:27,23,93,28,517,68,18
06/24/17 09:27,59,140,25,848,140,28
06/24/17 09:27,178,213,199,431,70,4
06/24/17 09:27,194,40,204,984,143,16
06/24/17 09:27,2,248,55,225,115,10
06/24/17 09:27,102,64,70,431,138,11
06/24/17 09:27,5,8,134,597,0,27
06/24/17 09:27,68,57,67,677,26,26
06/24/17 09:27,158,199,134,997,81,4
06/24/17 09:27,172,200,60,135,78,23
06/24/17 09:27,171,179,107,651,142,9
06/24/17 09:27,2,82,85,811,48,9
06/24/17 09:27,79,252,120,776,55,8
06/24/17 09:27,146,212,36,904,7,5
06/24/17 09:27,104,182,239,288,50,2
06/24/17 09:27,46,237,16,923,62,28
06/24/17 09:27,183,194,112,334,106,26
06/24/17 09:27,91,37,75,226,57,23
06/24/17 09:27,71,169,31,717,144,22
06/24/17 09:27,4,236,150,232,93,23
06/24/17 09:27,33,46,55,801,82,2
06/24/17 09:27,23,155,42,437,44,17
06/24/17 09:27,116,230,33,868,150,30
06/24/17 09:27,22,129,42,155,111,26
06/24/17 09:27,166,98,74,629,113,8
06/24/17 09:27,65,290,240,89,65,7
06/24/17 09:27,10,42,25,824,24,28
06/24/17 09:27,0,127,120,417,67,14
06/24/17 09:27,160,61,156,952,90,12
06/24/17 09:27,99,15,130,946,11,27
06/24/17 09:27,106,109,167,65,93,23
06/24/17 09:27,181,63,38,50,109,9
06/24/17 09:27,87,93,65,605,136,13
06/24/17 09:27,54,274,66,814,109,25
06/24/17 09:27,166,123,209,808,69,8
06/24/17 09:27,199,212,195,164,63,19
06/24/17 09:27,151,249,157,333,10,10
06/24/17 09:27,135,148,29,714,95,8
06/24/17 09:27,190,75,91,380,37,27
06/24/17 09:27,118,156,1,511,43,26
06/24/17 09:27,106,67,192,686,15,5
06/24/17 09:27,37,233,70,593,6,8
06/24/17 09:27,68,221,61,880,57,8
06/24/17 09:27,158,202,194,283,103,8
06/24/17 09:27,23,89,12,724,118,18
06/24/17 09:27,111,120,195,737,132,13
06/24/17 09:27,109,109,100,980,127,14
06/24/17 09:27,108,113,225,32,62,20
06/24/17 09:27,124,121,106,857,92,7
06/24/17 09:27,143,160,200,250,3,6
06/24/17 09:27,50,29,26,584,73,21
06/24/17 09:27,170,10,98,384,90,28
06/24/17 09:27,158,296,101,321,133,19
06/24/17 09:27,67,230,29,39,55,22
06/24/17 09:27,4,70,72,557,12,3
06/24/17 09:27,62,227,173,399,113,17
06/24/17 09:27,141,224,131,856,135,16
06/24/17 09:27,130,22,76,713,4,14
06/24/17 09:27,82,75,163,495,32,23
06/24/17 09:27,146,0,194,844,38,18
06/24/17 09:27,1,293,177,572,19,11
06/24/17 09:27,179,121,89,339,93,10
06/24/17 09:27,119,17,74,151,37,6
06/24/17 09:27,25,205,55,193,33,25
06/24/17 09:27,130,58,160,697,54,5
06/24/17 09:27,7,191,154,515,53,26
06/24/17 09:27,126,270,14,561,16,14
06/24/17 09:27,93,294,78,658,74,6
06/24/17 09:27,161,155,51,523,124,13
06/24/17 09:27,119,218,73,270,44,11
06/24/17 09:27,119,101,114,666,87,19
06/24/17 09:27,155,173,157,333,49,15
06/24/17 09:27,54,23,246,461,78,8
06/24/17 09:27,41,62,173,307,58,12
06/24/17 09:27,102,193,121,418,29,1
06/24/17 09:27,162,256,181,926,133,30
06/24/17 09:27,13,198,88,960,75,5
06/24/17 09:27,129,22,230,284,136,17
06/24/17 09:27,23,226,47,972,109,6
06/24/17 09:27,188,102,13,601,129,15
06/24/17 09:27,23,7,193,86,105,22
06/24/17 09:27,2,170,78,368,92,25
06/24/17 09:27,103,269,250,872,83,25
06/24/17 09:27,140,275,129,998,81,24
06/24/17 09:27,184,231,162,187,17,5
06/24/17 09:27,133,209,57,653,17,19
06/24/17 09:27,1,235,232,429,133,19
06/24/17 09:27,168,56,111,37,65,20
06/24/17 09:27,131,37,4,429,98,2
06/24/17 09:27,7,56,102,433,54,3
06/24/17 09:27,9,261,203,537,84,26
06/24/17 09:27,187,42,208,255,88,29
06/24/17 09:27,68,244,92,218,43,13
06/24/17 09:27,184,204,91,471,118,23
06/24/17 09:27,127,119,119,145,139,3
06/24/17 09:27,168,265,220,450,21,29
06/24/17 09:27,163,104,240,763,22,15
06/24/17 09:27,140,6,140,469,137,7
06/24/17 09:27,163,47,82,651,1,8
06/24/17 09:27,179,19,142,370,92,21
06/24/17 09:27,192,84,24,691,114,16
06/24/17 09:27,47,181,113,985,51,14
06/24/17 09:27,133,254,131,271,118,19
06/24/17 09:27,136,23,250,407,36,19
06/24/17 09:27,152,292,201,467,42,25
06/24/17 09:27,75,75,226,229,29,23
06/24/17 09:27,154,204,100,306,100,27
06/24/17 09:27,66,106,206,417,87,8
06/24/17 09:27,111,62,49,199,95,21
06/24/17 09:27,26,48,145,235,124,12
06/24/17 09:27,169,194,58,529,136,14
06/24/17 09:27,93,195,22,331,125,17
06/24/17 09:27,35,260,161,522,84,15
06/24/17 09:27,196,165,185,35,50,3
06/24/17 09:27,52,275,59,944,108,19
06/24/17 09:27,168,14,146,804,37,11
06/24/17 09:27,59,159,7,831,97,12
06/24/17 09:27,151,252,61,990,97,29
06/24/17 09:27,110,36,8,312,56,14
06/24/17 09:27,13,58,217,59,133,25
06/24/17 09:27,10,68,206,326,145,1
06/24/17 09:27,154,133,146,845,52,19
06/24/17 09:27,145,191,174,408,140,26
06/24/17 09:27,51,242,10,721,145,30
06/24/17 09:27,23,248,99,58,137,7
06/24/17 09:27,133,138,245,100,90,13
06/24/17 09:27,190,146,110,162,119,15
06/24/17 09:27,110,192,196,636,111,22
06/24/17 09:27,107,69,129,851,63,15
06/24/17 09:27,143,63,195,119,87,30
06/24/17 09:27,24,271,150,208,38,4
06/24/17 09:27,80,123,61,985,107,4
06/24/17 09:27,169,269,227,59,60,24
06/24/17 09:27,100,67,183,722,79,29
06/24/17 09:27,96,35,227,851,53,12
06/24/17 09:27,118,208,79,216,1,5
06/24/17 09:27,117,299,53,589,57,27
06/24/17 09:27,106,247,229,263,133,15
06/24/17 09:27,3,175,152,230,75,21
06/24/17 09:27,184,160,122,387,74,26
06/24/17 09:27,125,19,122,131,83,16
06/24/17 09:27,163,141,14,235,44,2
06/24/17 09:27,66,71,213,317,99,30
06/24/17 09:27,199,87,217,482,30,17
06/24/17 09:27,108,293,0,280,136,10
06/24/17 09:27,133,45,93,77,74,10
06/24/17 09:27,22,158,240,233,95,14
06/24/17 09:27,150,240,141,329,96,4
06/24/17 09:27,189,102,168,593,96,1
06/24/17 09:27,3,219,36,144,106,3
06/24/17 09:27,183,140,33,493,79,17
06/24/17 09:27,96,234,77,662,103,21
06/24/17 09:27,177,161,87,591,134,7
06/24/17 09:27,45,237,37,389,145,22
06/24/17 09:27,118,274,27,967,104,28
06/24/17 09:27,119,64,25,289,59,11
06/24/17 09:27,139,124,171,320,16,2
06/24/17 09:27,181,140,231,145,63,4
06/24/17 09:27,3,84,235,714,81,18
06/24/17 09:27,44,299,92,340,89,14
06/24/17 09:27,193,19,80,866,145,21
06/24/17 09:27,62,198,57,464,34,17
06/24/17 09:27,23,249,127,441,126,26
06/24/17 09:27,33,117,66,849,34,26
06/24/17 09:27,198,233,3,553,132,5
06/24/17 09:27,71,54,66,775,25,20
06/24/17 09:27,164,253,154,9,25,10
06/24/17 09:27,186,241,209,158,63,12
06/24/17 09:27,123,173,122,87,111,9
06/24/17 09:27,22,259,92,987,47,29
06/24/17 09:27,156,50,113,792,80,1
06/24/17 09:27,128,88,109,30,101,11
06/24/17 09:27,11,74,142,186,25,6
06/24/17 09:27,146,90,86,556,110,6
06/24/17 09:27,158,262,168,357,130,27
06/24/17 09:27,129,33,13,73,34,29
06/24/17 09:27,182,216,12,571,22,15
06/24/17 09:27,184,67,125,857,145,17
06/24/17 09:27,31,35,79,628,91,29
06/24/17 09:27,191,246,56,72,80,12
06/24/17 09:27,159,203,224,663,83,29
06/24/17 09:27,74,261,42,169,37,25
06/24/17 09:27,167,96,69,666,93,18
06/24/17 09:27,172,160,172,995,125,11
06/24/17 09:27,88,24,16,413,138,10
06/24/17 09:27,61,95,21,451,66,1
06/24/17 09:27,118,58,93,598,120,23
06/24/17 09:27,169,228,123,540,58,22
06/24/17 09:27,144,273,179,888,66,27
06/24/17 09:27,101,170,200,376,113,3
06/24/17 09:27,60,232,204,564,16,17
06/24/17 09:27,178,93,48,694,108,13
06/24/17 09:27,106,157,90,816,139,28
06/24/17 09:27,195,231,217,81,20,1
06/24/17 09:27,109,289,24,833,86,3
06/24/17 09:27,89,156,186,80,99,22
06/24/17 09:27,131,3,145,364,144,26
06/24/17 09:27,183,132,142,465,70,28
06/24/17 09:27,133,181,84,216,113,17
06/24/17 09:27,198,63,41,131,123,23
06/24/17 09:27,195,191,2,358,99,5
06/24/17 09:27,177,283,249,848,76,21
06/24/17 09:27,15,164,146,895,18,30
06/24/17 09:27,96,195,75,0,79,18
06/24/17 09:27,184,206,166,85,75,25
06/24/17 09:27,81,71,120,355,131,27
06/24/17 09:27,36,171,149,286,10,2
06/24/17 09:27,193,190,48,903,27,25
06/24/17 09:27,14,187,221,753,148,1
06/24/17 09:27,130,171,243,61,122,28
06/24/17 09:27,189,3,102,946,63,23
06/24/17 09:27,127,104,189,676,44,6
06/24/17 09:27,111,280,40,971,101,15
06/24/17 09:27,34,127,9,684,7,14
06/24/17 09:27,13,83,204,634,123,9
06/24/17 09:27,176,68,176,11,127,6
06/24/17 09:27,162,188,206,106,131,10
06/24/17 09:27,8,106,235,645,68,4
06/24/17 09:27,89,60,246,558,137,13
06/24/17 09:27,1,150,166,650,13,25
06/24/17 09:27,127,113,212,824,57,18
06/24/17 09:27,63,4,28,527,107,19
06/24/17 09:27,121,112,193,900,131,13
06/24/17 09:27,173,177,232,205,58,25
06/24/17 09:27,196,202,166,107,8,27
06/24/17 09:27,130,77,136,567,141,8
06/24/17 09:27,44,75,18,159,73,2
06/24/17 09:27,39,72,83,770,64,2
06/24/17 09:27,170,50,144,186,90,9
06/24/17 09:27,147,134,138,6,43,10
06/24/17 09:27,136,210,175,655,5,7
06/24/17 09:27,64,249,200,258,131,20
06/24/17 09:27,142,144,21,255,102,23
06/24/17 09:27,167,87,162,442,62,15
06/24/17 09:27,109,75,200,524,98,3
06/24/17 09:27,130,37,210,547,144,25
06/24/17 09:27,88,152,44,515,13,21
06/24/17 09:27,16,206,234,868,15,8
06/24/17 09:27,164,87,169,893,104,4
06/24/17 09:27,163,172,180,25,40,30
06/24/17 09:27,106,91,159,667,21,5
06/24/17 09:27,143,273,217,489,136,25
06/24/17 09:27,176,37,22,841,26,15
06/24/17 09:27,123,208,8,48,103,11
06/24/17 09:27,73,129,8,846,137,13
06/24/17 09:27,57,63,58,134,64,29
06/24/17 09:27,38,260,35,756,45,27
06/24/17 09:27,192,234,42,448,91,27
06/24/17 09:27,147,199,79,851,4,6
06/24/17 09:27,93,195,189,965,19,29
06/24/17 09:27,53,216,83,824,61,25
06/24/17 09:27,198,165,47,130,1,8
06/24/17 09:27,106,46,204,659,70,21
06/24/17 09:27,95,94,37,800,145,10
06/24/17 09:27,84,12,30,73,65,12
06/24/17 09:27,40,25,64,95,143,13
06/24/17 09:27,108,160,128,281,46,8
06/24/17 09:27,173,135,124,145,11,20
06/24/17 09:27,80,236,86,552,2,14
06/24/17 09:27,150,58,166,45,27,10
06/24/17 09:27,197,42,82,448,23,13
06/24/17 09:27,12,2,19,657,83,26
06/24/17 09:27,174,251,90,566,120,16
06/24/17 09:27,119,79,63,573,144,12
06/24/17 09:27,153,239,105,844,140,20
06/24/17 09:27,142,15,245,723,119,29
06/24/17 09:27,160,290,226,779,136,23
06/24/17 09:27,1,290,52,861,37,13
06/24/17 09:27,25,283,135,632,0,25
06/24/17 09:27,166,36,23,885,85,24
06/24/17 09:27,158,131,174,314,27,9
06/24/17 09:27,196,135,4,590,103,23
06/24/17 09:27,67,177,64,568,77,22
06/24/17 09:27,78,35,15,243,49,9
06/24/17 09:27,29,299,130,455,0,2
06/24/17 09:27,60,107,158,635,131,18
06/24/17 09:27,182,237,234,263,48,29
06/24/17 09:27,191,144,201,517,33,9
06/24/17 09:27,42,147,236,862,46,8
06/24/17 09:27,132,238,229,487,145,11
06/24/17 09:27,75,100,234,868,64,20
06/24/17 09:27,121,18,40,358,29,27
06/24/17 09:27,117,181,171,601,58,7
06/24/17 09:27,175,1,239,929,104,9
06/24/17 09:27,109,177,41,555,9,12
06/24/17 09:27,134,144,164,627,25,10
06/24/17 09:27,188,237,94,722,112,29
06/24/17 09:27,7,188,22,593,10,14
06/24/17 09:27,111,66,84,785,19,27
06/24/17 09:27,21,243,113,163,148,12
06/24/17 09:27,99,139,79,83,14,21
06/24/17 09:27,196,221,136,630,130,26
06/24/17 09:27,44,15,128,7,24,18
06/24/17 09:27,106,27,147,374,122,23
06/24/17 09:27,122,35,200,197,75,28
06/24/17 09:27,24,20,196,641,143,21
06/24/17 09:27,53,251,243,586,62,15
06/24/17 09:27,18,234,73,143,61,3
06/24/17 09:27,14,21,249,422,142,15
06/24/17 09:27,5,180,19,3,103,14
06/24/17 09:27,141,202,250,117,104,9
06/24/17 09:27,61,183,37,536,62,29
06/24/17 09:27,51,43,249,289,85,5
06/24/17 09:27,51,201,18,853,22,28
06/24/17 09:27,62,161,36,426,136,6
06/24/17 09:27,186,13,243,558,113,17
06/24/17 09:27,27,258,167,303,131,24
06/24/17 09:27,0,48,189,94,91,24
06/24/17 09:27,191,118,146,128,57,13
06/24/17 09:27,94,293,49,508,138,17
