06/24/17 09:27,184,238,36,452,90,23
06/24/17 09:27,106,163,165,121,21,27
06/24/17 09:27,181,154,104,728,20,5
06/24/17 09:27,26,104,210,665,70,4
06/24/17 09:27,124,261,77,248,67,23
06/24/17 09:27,66,283,78,881,50,30
06/24/17 09:27,33,64,177,558,58,15
06/24/17 09:27,32,185,40,425,148,27
06/24/17 09:27,105,291,119,778,134,26
06/24/17 09:27,173,91,216,472,102,10
06/24/17 09:27,49,257,109,126,12,8
06/24/17 09:27,78,241,70,962,149,21
06/24/17 09:27,42,227,225,581,144,11
06/24/17 09:27,108,88,61,483,95,20
06/24/17 09:27,25,58,35,224,49,12
06/24/17 09:27,169,28,137,374,40,15
06/24/17 09:27,105,234,87,820,112,16
06/24/17 09:27,82,268,100,808,79,6
06/24/17 09:27,190,96,63,448,1,21
06/24/17 09:27,0,5,225,157,82,9
06/24/17 09:27,140,60,94,753,37,14
06/24/17 09:27,186,220,38,508,40,19
06/24/17 09:27,132,293,171,344,147,14
06/24/17 09:27,82,128,1,294,58,12
06/24/17 09:27,80,187,20,226,123,26
06/24/17 09:27,162,28,245,500,114,15
06/24/17 09:27,163,130,2,419,125,6
06/24/17 09:27,11,257,41,623,52,13
06/24/17 09:27,72,112,66,378,4,1
06/24/17 09:27,44,285,244,679,142,2
06/24/17 09:27,15,196,52,522,123,7
06/24/17 09:27,32,248,149,511,125,11
06/24/17 09:27,45,169,51,656,74,21
06/24/17 09:27,155,66,173,560,143,19
06/24/17 09:27,39,77,86,163,124,8
06/24/17 09:27,53,263,196,752,41,29
06/24/17 09:27,14,208,155,824,139,11
06/24/17 09:27,175,184,154,90,34,28
06/24/17 09:27,196,113,7,508,133,28
06/24/17 09:27,69,222,208,96,28,26
06/24/17 09:27,198,146,38,62,81,8
06/24/17 09:27,4,264,17,623,15,17
06/24/17 09:27,193,190,118,751,98,1
06/24/17 09:27,196,204,171,641,70,28
06/24/17 09:27,67,33,165,195,51,20
06/24/17 09:27,194,297,79,732,127,13
06/24/17 09:27,48,40,5,656,127,1
06/24/17 09:27,190,178,54,759,142,15
06/24/17 09:27,86,204,139,554,25,22
06/24/17 09:27,133,197,208,674,57,18
06/24/17 09:27,0,264,73,513,33,27
06/24/17 09:27,27,133,227,989,22,22
06/24/17 09:27,12,158,37,803,129,24
06/24/17 09:27,181,102,237,485,39,19
06/24/17 09:27,91,228,200,169,106,18
06/24/17 09:27,162,17,57,658,45,3
06/24/17 09:27,41,217,217,506,57,6
06/24/17 09:27,194,297,122,389,117,8
06/24/17 09:27,187,214,56,301,56,5
06/24/17 09:27,138,130,235,936,136,27
06/24/17 09:27,125,266,248,656,91,19
06/24/17 09:27,24,79,31,75,99,6
06/24/17 09:27,4,180,86,502,3,16
06/24/17 09:27,46,297,210,815,51,15
06/24/17 09:27,112,230,141,110,43,3
06/24/17 09:27,104,195,196,898,67,10
06/24/17 09:27,185,124,133,298,134,1
06/24/17 09:27,110,174,106,92,114,8
06/24/17 09:27,9,127,219,552,0,5
06/24/17 09:27,49,224,230,732,148,11
06/24/17 09:27,140,169,98,542,138,11
06/24/17 09:27,157,152,100,965,38,24
06/24/17 09:27,166,54,6,592,116,23
06/24/17 09:27,77,214,196,408,4,9
06/24/17 09:27,163,46,191,915,132,10
06/24/17 09:27,72,262,146,555,145,2
06/24/17 09:27,8,5,228,630,39,23
06/24/17 09:27,180,86,208,155,56,22
06/24/17 09:27,106,266,170,474,25,25
06/24/17 09:27,57,126,103,554,128,6
06/24/17 09:27,198,221,109,178,57,20
06/24/17 09:27,125,242,235,349,125,24
06/24/17 09:27,24,221,244,488,65,22
06/24/17 09:27,12,79,78,841,17,15
06/24/17 09:27,35,151,196,889,66,19
06/24/17 09:27,196,70,73,868,70,27
06/24/17 09:27,4,144,155,867,129,18
06/24/17 09:27,8,236,227,789,33,18
06/24/17 09:27,96,187,82,135,90,10
06/24/17 09:27,80,120,127,166,144,19
06/24/17 09:27,101,171,206,863,112,24
06/24/17 09:27,143,21,53,649,130,4
06/24/17 09:27,80,168,119,444,123,13
06/24/17 09:27,115,86,37,757,41,14
06/24/17 09:27,200,28,86,621,2,20
06/24/17 09:27,185,285,63,729,30,18
06/24/17 09:27,104,133,229,238,66,12
06/24/17 09:27,44,62,61,70,1,12
06/24/17 09:27,31,259,49,295,40,21
06/24/17 09:27,118,8,49,491,111,3
06/24/17 09:27,70,140,167,369,59,29
06/24/17 09:27,96,12,127,951,75,23
06/24/17 09:27,114,185,38,154,74,16
06/24/17 09:27,50,177,82,620,56,3
06/24/17 09:27,29,49,60,850,103,8
06/24/17 09:27,114,247,195,597,145,6
06/24/17 09:27,51,53,230,3,7,5
06/24/17 09:27,84,86,158,338,122,13
06/24/17 09:27,122,61,225,908,144,19
06/24/17 09:27,13,55,103,323,89,2
06/24/17 09:27,168,123,67,989,114,22
06/24/17 09:27,66,154,142,250,14,2
06/24/17 09:27,135,276,146,690,137,14
06/24/17 09:27,70,186,109,71,132,21
06/24/17 09:27,181,240,124,995,149,7
06/24/17 09:27,90,101,45,758,39,8
06/24/17 09:27,188,68,96,800,149,10
06/24/17 09:27,181,270,78,418,62,23
06/24/17 09:27,163,119,140,478,128,9
06/24/17 09:27,67,103,175,475,141,29
06/24/17 09:27,130,102,161,352,90,28
06/24/17 09:27,135,141,78,668,54,9
06/24/17 09:27,6,33,161,76,115,19
06/24/17 09:27,69,228,210,40,73,19
06/24/17 09:27,161,283,163,487,105,20
06/24/17 09:27,171,181,227,839,86,26
06/24/17 09:27,60,120,113,275,3,21
06/24/17 09:27,49,248,206,267,79,23
06/24/17 09:27,4,113,197,708,120,1
06/24/17 09:27,12,224,79,921,38,24
06/24/17 09:27,131,226,13,827,39,4
06/24/17 09:27,103,139,83,74,88,18
06/24/17 09:27,144,237,83,153,110,22
06/24/17 09:27,152,257,130,974,11,27
06/24/17 09:27,86,266,209,181,147,9
06/24/17 09:27,4,36,64,184,8,9
06/24/17 09:27,108,95,147,350,138,18
06/24/17 09:27,58,130,101,217,137,29
06/24/17 09:27,20,91,8,457,120,24
06/24/17 09:27,56,258,160,325,29,26
06/24/17 09:27,198,60,126,651,89,23
06/24/17 09:27,176,55,50,987,61,25
06/24/17 09:27,60,95,134,398,98,15
06/24/17 09:27,117,10,181,722,25,28
06/24/17 09:27,53,219,40,639,112,26
06/24/17 09:27,113,48,193,275,141,8
06/24/17 09:27,126,166,25,189,83,25
06/24/17 09:27,104,107,220,411,103,6
06/24/17 09:27,54,108,146,903,63,14
06/24/17 09:27,97,26,65,158,92,17
06/24/17 09:27,59,28,116,933,48,20
06/24/17 09:27,157,141,67,465,99,29
06/24/17 09:27,80,127,54,139,19,4
06/24/17 09:27,13,265,69,611,148,1
06/24/17 09:27,154,224,109,45,50,22
06/24/17 09:27,63,275,133,307,108,14
06/24/17 09:27,99,233,97,753,6,11
06/24/17 09:27,177,105,124,144,95,20
06/24/17 09:27,128,6,114,443,67,14
06/24/17 09:27,73,253,45,302,146,19
06/24/17 09:27,123,182,167,627,142,9
06/24/17 09:27,197,89,53,465,34,12
06/24/17 09:27,160,208,21,54,11,22
06/24/17 09:27,140,298,163,190,60,3
06/24/17 09:27,22,62,191,107,48,15
06/24/17 09:27,32,68,175,676,119,28
06/24/17 09:27,91,186,36,274,64,26
06/24/17 09:27,148,250,91,2,75,20
06/24/17 09:27,45,192,58,261,123,17
06/24/17 09:27,127,63,161,512,59,11
06/24/17 09:27,49,288,191,452,47,26
06/24/17 09:27,180,90,13,132,11,7
06/24/17 09:27,37,9,10,578,45,25
06/24/17 09:27,41,294,38,276,138,25
06/24/17 09:27,13,10,183,921,39,16
06/24/17 09:27,112,63,122,825,137,7
06/24/17 09:27,2,104,209,830,2,16
06/24/17 09:27,145,109,34,798,15,15
06/24/17 09:27,146,45,145,14,51,14
06/24/17 09:27,33,174,101,220,1,2
06/24/17 09:27,31,282,62,200,84,17
06/24/17 09:27,147,265,3,32,114,18
06/24/17 09:27,92,166,124,636,40,23
06/24/17 09:27,5,129,167,528,146,8
06/24/17 09:27,6,286,161,449,81,7
06/24/17 09:27,22,272,84,404,16,18
06/24/17 09:27,21,288,100,299,147,11
06/24/17 09:27,149,239,233,737,118,11
06/24/17 09:27,3,274,38,192,147,5
06/24/17 09:27,114,197,5,685,135,20
06/24/17 09:27,162,102,131,963,38,26
06/24/17 09:27,141,299,173,279,46,14
06/24/17 09:27,62,87,23,115,138,14
06/24/17 09:27,12,129,33,827,39,4
06/24/17 09:27,192,22,119,96,1,25
06/24/17 09:27,101,21,131,591,20,18
06/24/17 09:27,155,94,226,830,25,25
06/24/17 09:27,190,11,176,363,37,9
06/24/17 09:27,31,74,192,583,129,16
06/24/17 09:27,29,75,144,461,22,20
06/24/17 09:27,87,163,202,930,39,18
06/24/17 09:27,108,177,33,791,7,24
06/24/17 09:27,22,103,91,325,66,26
06/24/17 09:27,11,163,2,703,17,14
06/24/17 09:27,43,250,85,182,96,11
06/24/17 09:27,42,146,201,978,74,12
06/24/17 09:27,33,123,161,655,121,24
06/24/17 09:27,185,112,102,209,125,18
06/24/17 09:27,134,185,202,617,81,27
06/24/17 09:27,108,230,239,831,127,21
06/24/17 09:27,52,36,44,897,110,4
06/24/17 09:27,128,163,246,984,23,9
06/24/17 09:27,142,141,235,185,5,5
06/24/17 09:27,33,20,66,68,13,20
06/24/17 09:27,15,236,241,994,92,16
06/24/17 09:27,136,256,64,791,2,27
06/24/17 09:27,97,90,215,635,115,1
06/24/17 09:27,37,267,177,428,56,27
06/24/17 09:27,39,62,94,507,147,25
06/24/17 09:27,14,104,177,581,77,18
06/24/17 09:27,150,116,240,78,72,19
06/24/17 09:27,51,116,250,269,133,19
06/24/17 09:27,127,63,149,497,74,22
06/24/17 09:27,116,209,99,277,122,1
06/24/17 09:27,70,200,116,655,4,30
06/24/17 09:27,102,266,237,775,131,28
06/24/17 09:27,174,160,163,600,54,2
06/24/17 09:27,14,50,184,947,105,18
06/24/17 09:27,127,150,232,56,93,7
06/24/17 09:27,156,282,229,437,99,18
06/24/17 09:27,112,242,24,765,11,26
06/24/17 09:27,45,165,95,140,5,30
06/24/17 09:27,193,4,139,534,16,25
06/24/17 09:27,155,222,171,410,48,5
06/24/17 09:27,70,250,32,813,45,19
06/24/17 09:27,138,78,40,819,63,18
06/24/17 09:27,47,45,135,145,3,12
06/24/17 09:27,78,195,138,48,106,4
06/24/17 09:27,2,158,223,33,106,8
06/24/17 09:27,92,220,39,281,66,22
06/24/17 09:27,78,200,21,803,63,22
06/24/17 09:27,193,291,102,198,134,24
06/24/17 09:27,141,110,21,412,124,16
06/24/17 09:27,144,286,85,162,126,21
06/24/17 09:27,166,267,221,414,65,12
06/24/17 09:27,17,146,35,22,20,29
06/24/17 09:27,156,110,184,636,47,1
06/24/17 09:27,34,50,55,931,134,30
06/24/17 09:27,12,227,74,568,29,15
06/24/17 09:27,14,167,113,418,95,23
06/24/17 09:27,23,14,2,574,60,28
06/24/17 09:27,40,31,189,568,51,25
06/24/17 09:27,28,122,53,900,104,17
06/24/17 09:27,181,96,244,795,78,18
06/24/17 09:27,25,99,102,637,21,27
06/24/17 09:27,176,185,78,728,100,20
06/24/17 09:27,191,24,135,646,123,6
06/24/17 09:27,63,69,112,913,51,3
06/24/17 09:27,56,129,113,63,103,19
06/24/17 09:27,101,259,154,426,111,20
06/24/17 09:27,35,5,146,207,77,7
06/24/17 09:27,84,151,32,920,106,22
06/24/17 09:27,59,248,219,702,16,14
06/24/17 09:27,193,42,228,551,44,8
06/24/17 09:27,12,9,18,915,47,29
06/24/17 09:27,155,6,53,93,70,6
06/24/17 09:27,119,95,55,955,119,6
06/24/17 09:27,97,157,127,833,56,28
06/24/17 09:27,89,71,6,712,0,5
06/24/17 09:27,93,225,87,363,12,4
06/24/17 09:27,134,234,158,283,116,24
06/24/17 09:27,134,132,249,583,135,3
06/24/17 09:27,20,143,232,154,94,27
06/24/17 09:27,157,245,117,596,121,15
06/24/17 09:27,195,182,33,605,94,6
06/24/17 09:27,170,190,30,963,32,4
06/24/17 09:27,168,222,198,103,89,28
06/24/17 09:27,5,160,116,864,12,25
06/24/17 09:27,66,53,46,503,58,27
06/24/17 09:27,1,226,61,747,106,13
06/24/17 09:27,133,280,220,90,53,19
06/24/17 09:27,170,148,19,849,87,2
06/24/17 09:27,102,195,228,853,68,20
06/24/17 09:27,109,156,195,752,10,14
06/24/17 09:27,172,159,116,693,119,13
06/24/17 09:27,104,129,69,661,11,7
06/24/17 09:27,30,283,21,452,54,4
06/24/17 09:27,98,233,148,662,92,2
06/24/17 09:27,5,98,195,511,144,29
06/24/17 09:27,168,179,32,751,16,21
06/24/17 09:27,125,239,246,798,114,30
06/24/17 09:27,145,2,18,862,92,4
06/24/17 09:27,138,68,85,622,134,16
06/24/17 09:27,108,271,77,536,124,5
06/24/17 09:27,113,110,72,50,56,14
06/24/17 09:27,0,200,49,869,88,23
06/24/17 09:27,137,178,136,619,102,20
06/24/17 09:27,71,285,10,420,109,29
06/24/17 09:27,116,117,12,641,125,1
06/24/17 09:27,43,40,31,607,79,17
06/24/17 09:27,198,23,191,682,5,4
06/24/17 09:27,94,249,95,276,17,22
06/24/17 09:27,171,86,168,498,149,23
06/24/17 09:27,123,137,45,660,26,22
06/24/17 09:27,187,163,210,570,37,21
06/24/17 09:27,0,206,67,475,32,2
06/24/17 09:27,6,233,243,373,125,8
06/24/17 09:27,106,73,81,742,87,13
06/24/17 09:27,157,296,82,459,101,6
06/24/17 09:27,187,7,150,702,29,5
06/24/17 09:27,109,19,217,868,68,10
06/24/17 09:27,134,277,60,953,112,22
06/24/17 09:27,133,215,29,814,119,2
06/24/17 09:27,111,235,29,661,124,5
06/24/17 09:27,188,247,91,281,112,6
06/24/17 09:27,78,249,115,185,77,28
06/24/17 09:27,181,239,151,279,88,29
06/24/17 09:27,15,196,95,414,88,21
06/24/17 09:27,29,61,120,297,137,3
06/24/17 09:27,117,232,245,145,147,12
06/24/17 09:27,45,99,90,28,76,20
06/24/17 09:27,22,18,28,760,143,17
06/24/17 09:27,49,265,222,403,79,7
06/24/17 09:27,163,154,108,82,96,5
06/24/17 09:27,105,144,74,43,35,30
06/24/17 09:27,138,239,221,615,1,30
06/24/17 09:27,53,87,88,269,15,22
06/24/17 09:27,26,234,169,606,50,26
06/24/17 09:27,153,182,205,663,49,16
06/24/17 09:27,12,35,191,914,53,14
06/24/17 09:27,25,165,6,923,113,13
06/24/17 09:27,58,69,78,709,99,5
06/24/17 09:27,91,222,76,651,90,6
06/24/17 09:27,140,219,216,675,136,5
06/24/17 09:27,1,277,248,502,139,10
06/24/17 09:27,54,34,113,637,129,21
06/24/17 09:27,166,221,20,175,52,22
06/24/17 09:27,198,161,177,633,119,9
06/24/17 09:27,28,186,119,509,3,29
06/24/17 09:27,171,174,215,557,80,11
06/24/17 09:27,184,87,232,799,39,25
06/24/17 09:27,133,239,248,291,41,12
06/24/17 09:27,0,141,247,690,21,29
06/24/17 09:27,189,240,198,277,133,14
06/24/17 09:27,137,46,106,615,6,6
06/24/17 09:27,30,48,196,10,56,21
06/24/17 09:27,10,174,88,529,97,29
06/24/17 09:27,98,281,10,732,15,27
06/24/17 09:27,146,272,135,783,93,6
06/24/17 09:27,198,219,17,312,60,16
06/24/17 09:27,146,282,184,937,113,12
06/24/17 09:27,50,2,171,779,44,18
06/24/17 09:27,75,247,110,929,37,14
06/24/17 09:27,148,0,228,811,104,26
06/24/17 09:27,0,144,145,602,84,28
06/24/17 09:27,76,31,140,573,68,13
06/24/17 09:27,4,105,183,571,97,18
06/24/17 09:27,163,289,183,181,113,1
06/24/17 09:27,185,24,228,590,83,1
06/24/17 09:27,142,276,228,460,41,4
06/24/17 09:27,194,102,208,900,51,1
06/24/17 09:27,108,240,119,891,114,26
06/24/17 09:27,139,159,125,315,78,21
06/24/17 09:27,135,104,237,277,24,5
06/24/17 09:27,148,176,110,37,122,17
06/24/17 09:27,100,169,152,527,81,16
06/24/17 09:27,155,263,86,179,33,2
06/24/17 09:27,41,229,49,367,34,9
06/24/17 09:27,193,264,223,166,89,5
06/24/17 09:27,124,226,191,247,124,11
06/24/17 09:27,152,93,34,510,100,28
06/24/17 09:27,87,49,174,306,11,30
06/24/17 09:27,63,246,133,829,14,15
06/24/17 09:27,155,196,53,776,9,9
06/24/17 09:27,72,188,154,84,39,27
06/24/17 09:27,113,36,250,751,143,15
06/24/17 09:27,101,34,27,208,119,29
06/24/17 09:27,95,139,183,220,117,5
06/24/17 09:27,145,55,95,410,111,28
06/24/17 09:27,75,116,202,628,74,24
06/24/17 09:27,186,276,125,719,136,3
06/24/17 09:27,153,108,78,414,89,22
06/24/17 09:27,140,253,29,931,32,25
06/24/17 09:27,137,27,234,173,132,12
06/24/17 09:27,2,223,83,16,68,27
06/24/17 09:27,170,188,109,369,5,20
06/24/17 09:27,163,142,214,555,88,8
06/24/17 09:27,36,7,223,415,44,30
06/24/17 09:27,123,158,209,480,37,22
06/24/17 09:27,144,122,8,558,36,1
06/24/17 09:27,148,262,130,734,66,25
06/24/17 09:27,124,10,225,114,64,3
06/24/17 09:27,89,252,104,272,64,21
06/24/17 09:27,144,220,107,829,48,3
06/24/17 09:27,50,136,36,815,22,14
06/24/17 09:27,136,126,27,220,138,10
06/24/17 09:27,73,117,209,502,19,11
06/24/17 09:27,173,197,16,434,104,3
06/24/17 09:27,55,270,111,150,55,29
06/24/17 09:27,97,56,162,546,94,12
06/24/17 09:27,130,67,163,417,60,23
06/24/17 09:27,72,5,8,505,20,27
06/24/17 09:27,193,280,85,965,36,4
06/24/17 09:27,86,152,146,216,60,22
06/24/17 09:27,155,147,207,669,7,7
06/24/17 09:27,198,232,14,800,142,12
06/24/17 09:27,78,249,84,365,21,10
06/24/17 09:27,112,32,163,996,75,29
06/24/17 09:27,127,32,33,115,135,12
06/24/17 09:27,62,196,17,446,104,30
06/24/17 09:27,71,0,54,294,133,28
06/24/17 09:27,15,152,228,561,47,10
06/24/17 09:27,130,253,216,81,40,8
06/24/17 09:27,195,70,196,25,116,13
06/24/17 09:27,170,48,117,869,116,30
06/24/17 09:27,11,171,215,302,24,6
06/24/17 09:27,151,128,143,41,91,7
06/24/17 09:27,148,268,71,199,84,13
06/24/17 09:27,39,198,125,949,145,25
06/24/17 09:27,162,89,235,688,145,11
06/24/17 09:27,187,124,16,225,38,12
06/24/17 09:27,37,119,95,834,80,10
06/24/17 09:27,169,41,2,577,107,16
06/24/17 09:27,49,211,132,641,21,3
06/24/17 09:27,32,63,146,240,147,24
06/24/17 09:27,138,151,4,211,148,20
06/24/17 09:27,75,29,138,402,100,30
06/24/17 09:27,39,139,200,651,126,13
06/24/17 09:27,154,39,200,16,63,10
06/24/17 09:27,57,31,201,604,2,10
06/24/17 09:27,154,124,137,569,60,17
06/24/17 09:27,142,182,202,919,114,27
06/24/17 09:27,166,122,190,762,85,30
06/24/17 09:27,105,74,240,932,119,28
06/24/17 09:27,138,177,8,365,71,27
06/24/17 09:27,92,235,100,607,77,20
06/24/17 09:27,11,119,129,116,117,9
06/24/17 09:27,109,93,195,483,23,9
06/24/17 09:27,26,241,75,953,16,21
06/24/17 09:27,196,165,58,575,105,22
06/24/17 09:27,47,238,30,565,71,13
06/24/17 09:27,127,274,112,771,2,30
06/24/17 09:27,24,125,59,591,16,9
06/24/17 09:27,169,103,62,424,25,2
06/24/17 09:27,31,208,142,349,9,25
06/24/17 09:27,169,277,3,811,8,20
06/24/17 09:27,196,13,130,833,25,15
06/24/17 09:27,80,265,58,104,89,14
06/24/17 09:27,104,266,242,193,86,18
06/24/17 09:27,189,14,135,822,19,10
06/24/17 09:27,144,4,18,668,74,28
06/24/17 09:27,114,221,206,533,42,3
06/24/17 09:27,156,186,236,649,72,27
06/24/17 09:27,188,270,135,267,117,23
06/24/17 09:27,84,231,169,290,21,26
06/24/17 09:27,193,198,220,514,114,28
06/24/17 09:27,49,242,92,41,113,12
06/24/17 09:27,59,270,191,364,29,8
06/24/17 09:27,96,128,196,569,18,18
06/24/17 09:27,95,84,101,618,136,30
06/24/17 09:27,142,181,58,321,77,8
06/24/17 09:27,19,288,109,985,51,3
06/24/17 09:27,162,182,100,479,53,17
06/24/17 09:27,150,154,22,500,79,5
06/24/17 09:27,51,143,93,426,14,11
06/24/17 09:27,73,206,153,369,62,10
06/24/17 09:27,92,111,52,568,150,16
06/24/17 09:27,80,58,48,285,25,23
06/24/17 09:27,181,122,199,450,118,16
06/24/17 09:27,172,104,161,64,85,15
06/24/17 09:27,2,270,201,333,60,1
06/24/17 09:27,93,254,32,562,68,10
06/24/17 09:27,84,23,42,215,82,20
06/24/17 09:27,60,154,70,949,87,6
06/24/17 09:27,47,154,205,617,144,8
06/24/17 09:27,104,117,97,938,54,12
06/24/17 09:27,77,9,248,436,45,7
06/24/17 09:27,47,264,174,524,21,8
06/24/17 09:27,119,72,215,592,63,7
06/24/17 09:27,26,299,162,740,35,28
06/24/17 09:27,111,293,94,395,137,11
06/24/17 09:27,179,56,123,960,113,21
06/24/17 09:27,63,194,175,795,28,1
06/24/17 09:27,19,195,15,741,23,22
06/24/17 09:27,81,154,63,131,107,6
06/24/17 09:27,70,201,154,476,110,16
06/24/17 09:27,95,79,127,723,34,6
06/24/17 09:27,158,107,121,452,115,2
06/24/17 09:27,10,56,73,777,12,16
06/24/17 09:27,137,63,84,207,116,7
06/24/17 09:27,122,140,241,125,139,21
06/24/17 09:27,97,222,171,894,108,11
06/24/17 09:27,32,233,171,609,145,19
06/24/17 09:27,37,30,136,288,6,9
06/24/17 09:27,19,267,76,851,144,17
06/24/17 09:27,180,61,39,122,13,8
06/24/17 09:27,126,75,156,650,119,22
06/24/17 09:27,142,277,90,15,103,29
06/24/17 09:27,128,179,91,435,29,19
06/24/17 09:27,182,200,88,119,44,11
06/24/17 09:27,173,28,53,896,16,19
06/24/17 09:27,91,196,243,175,48,13
06/24/17 09:27,35,39,47,791,19,17
06/24/17 09:27,49,268,45,604,115,27
06/24/17 09:27,17,209,207,993,2,20
06/24/17 09:27,163,94,129,267,78,14
06/24/17 09:27,47,223,243,987,83,13
06/24/17 09:27,32,256,101,798,20,10
06/24/17 09:27,67,300,135,937,13,28
06/24/17 09:27,74,133,124,245,25,22
06/24/17 09:27,196,140,53,340,101,18
06/24/17 09:27,130,60,226,418,131,12
06/24/17 09:27,105,289,91,960,113,19
06/24/17 09:27,199,60,2,265,120,26
06/24/17 09:27,108,125,207,406,134,5
06/24/17 09:27,54,123,23,687,4,27
06/24/17 09:27,196,168,223,872,121,23
06/24/17 09:27,121,79,86,894,91,29
06/24/17 09:27,129,255,166,631,95,2
06/24/17 09:27,53,94,203,422,81,24
06/24/17 09:27,189,185,61,72,68,26
06/24/17 09:27,182,82,44,196,24,14
06/24/17 09:27,133,140,75,367,92,24
06/24/17 09:27,38,173,207,888,16,3
06/24/17 09:27,189,211,4,175,60,17
06/24/17 09:27,134,29,75,571,2,18
06/24/17 09:27,42,218,155,956,45,12
06/24/17 09:27,183,8,146,708,87,26
06/24/17 09:27,117,270,5,243,8,23
06/24/17 09:27,28,102,81,498,7,15
06/24/17 09:27,54,97,111,765,5,20
06/24/17 09:27,89,286,100,333,35,9
06/24/17 09:27,118,299,245,754,48,2
06/24/17 09:27,0,29,105,356,46,2
06/24/17 09:27,3,76,143,925,89,25
06/24/17 09:27,148,117,51,989,24,5
06/24/17 09:27,63,37,123,761,37,5
06/24/17 09:27,11,69,245,374,112,30
06/24/17 09:27,54,103,214,184,129,26
06/24/17 09:27,137,37,195,809,31,2
06/24/17 09:27,185,146,102,919,69,12
06/24/17 09:27,37,276,11,757,147,21
06/24/17 09:27,191,52,51,222,33,19
06/24/17 09:27,40,147,107,294,71,2
06/24/17 09:27,21,197,195,803,30,27
06/24/17 09:27,139,232,244,187,4,13
06/24/17 09:27,132,106,179,424,43,16
06/24/17 09:27,199,295,75,315,111,5
06/24/17 09:27,155,247,240,221,106,2
06/24/17 09:27,11,141,83,874,36,23
06/24/17 09:27,138,152,102,223,149,28
06/24/17 09:27,175,298,83,897,53,27
06/24/17 09:27,152,143,188,717,136,16
06/24/17 09:27,50,152,184,182,19,24
06/24/17 09:27,190,104,196,656,15,16
06/24/17 09:27,6,71,92,347,48,17
06/24/17 09:27,184,43,64,648,131,22
06/24/17 09:27,2,188,223,426,101,28
06/24/17 09:27,180,171,143,661,137,24
06/24/17 09:27,43,35,164,119,68,29
06/24/17 09:27,178,282,58,242,78,15
06/24/17 09:27,1,49,245,523,119,17
06/24/17 09:27,183,18,234,158,14,25
06/24/17 09:27,34,161,187,545,102,23
06/24/17 09:27,171,61,195,990,99,17
06/24/17 09:27,69,255,237,971,84,29
06/24/17 09:27,0,124,41,350,92,1
06/24/17 09:27,21,23,191,869,45,22
06/24/17 09:27,124,73,59,550,150,1
06/24/17 09:27,174,140,10,969,91,1
06/24/17 09:27,98,155,217,784,125,24
06/24/17 09:27,173,163,196,653,117,25
06/24/17 09:27,80,137,227,690,5,26
06/24/17 09:27,179,150,224,362,56,10
06/24/17 09:27,50,100,181,482,79,25
06/24/17 09:27,162,137,90,267,129,16
06/24/17 09:27,92,259,195,847,12,11
06/24/17 09:27,190,292,147,332,19,11
06/24/17 09:27,186,130,143,409,36,11
06/24/17 09:27,112,11,6,264,12,17
06/24/17 09:27,170,71,150,201,22,28
06/24/17 09:27,147,229,203,633,83,13
06/24/17 09:27,11,142,143,950,26,16
06/24/17 09:27,102,259,191,667,120,24
06/24/17 09:27,175,102,58,67,13,30
06/24/17 09:27,105,204,103,515,50,21
06/24/17 09:27,151,21,30,384,49,12
06/24/17 09:27,29,12,115,765,119,20
06/24/17 09:27,68,113,73,813,10,8
06/24/17 09:27,43,63,239,169,54,14
06/24/17 09:27,75,32,210,534,122,26
06/24/17 09:27,127,117,249,409,43,10
06/24/17 09:27,164,291,159,974,22,21
06/24/17 09:27,82,136,120,497,76,29
06/24/17 09:27,20,116,246,517,123,9
06/24/17 09:27,102,63,178,148,45,24
06/24/17 09:27,72,265,175,14,66,9
06/24/17 09:27,14,145,70,696,69,21
06/24/17 09:27,153,106,238,102,103,25
06/24/17 09:27,12,50,237,169,146,29
06/24/17 09:27,152,83,44,692,59,23
06/24/17 09:27,91,207,55,645,10,29
06/24/17 09:27,6,202,69,815,6,22
06/24/17 09:27,164,103,140,462,122,19
06/24/17 09:27,187,76,156,709,11,21
06/24/17 09:27,97,119,250,463,140,15
06/24/17 09:27,59,101,94,934,109,28
06/24/17 09:27,184,258,211,431,94,7
06/24/17 09:27,84,91,70,78,136,5
06/24/17 09:27,112,282,117,116,145,30
06/24/17 09:27,43,222,122,152,9,17
06/24/17 09:27,149,50,137,974,69,24
06/24/17 09:27,46,195,26,886,74,19
06/24/17 09:27,184,34,141,757,129,7
06/24/17 09:27,103,281,231,868,110,15
06/24/17 09:27,84,82,241,154,25,3
06/24/17 09:27,80,175,249,920,29,22
06/24/17 09:27,110,188,44,100,43,17
06/24/17 09:27,173,63,114,845,118,4
06/24/17 09:27,143,264,40,788,91,6
06/24/17 09:27,32,133,48,355,89,1
06/24/17 09:27,158,275,68,308,28,12
06/24/17 09:27,156,10,87,988,14,25
06/24/17 09:27,173,194,49,785,121,15
06/24/17 09:27,106,222,127,25,101,12
06/24/17 09:27,20,102,130,596,120,30
06/24/17 09:27,101,233,74,770,102,27
06/24/17 09:27,56,70,139,423,104,17
06/24/17 09:27,50,285,203,117,42,21
06/24/17 09:27,117,126,193,27,109,15
06/24/17 09:27,72,288,92,493,58,14
06/24/17 09:27,134,52,180,312,28,15
06/24/17 09:27,176,146,21,262,77,20
06/24/17 09:27,17,106,48,985,139,22
06/24/17 09:27,65,66,24,419,123,15
06/24/17 09:27,186,28,201,682,142,13
06/24/17 09:27,67,90,140,138,100,5
06/24/17 09:27,71,145,30,38,91,12
06/24/17 09:27,174,68,134,936,27,15
06/24/17 09:27,111,26,248,272,5,12
06/24/17 09:27,140,296,137,576,35,29
06/24/17 09:27,192,248,200,64,107,18
06/24/17 09:27,9,122,246,434,50,25
06/24/17 09:27,38,60,62,233,12,16
06/24/17 09:27,126,163,3,871,140,1
06/24/17 09:27,159,24,136,876,54,13
06/24/17 09:27,56,66,57,766,114,26
06/24/17 09:27,170,148,208,163,107,5
06/24/17 09:27,119,203,245,48,101,24
06/24/17 09:27,134,151,17,664,68,30
06/24/17 09:27,102,29,215,533,18,11
06/24/17 09:27,108,36,142,565,79,12
06/24/17 09:27,160,286,82,395,33,10
06/24/17 09:27,58,12,14,660,13,20
06/24/17 09:27,124,183,231,816,126,29
06/24/17 09:27,10,246,31,56,119,19
06/24/17 09:27,49,68,34,812,31,22
06/24/17 09:27,139,270,159,744,85,8
06/24/17 09:27,177,0,99,181,32,3
06/24/17 09:27,128,202,70,550,20,21
06/24/17 09:27,173,60,199,850,85,1
06/24/17 09:27,187,157,157,264,145,27
06/24/17 09:27,6,6,235,49,16,21
06/24/17 09:27,108,51,50,148,62,24
06/24/17 09:27,13,279,123,711,34,28
06/24/17 09:27,28,63,19,404,40,26
06/24/17 09:27,157,58,175,337,46,25
06/24/17 09:27,195,125,187,643,31,18
06/24/17 09:27,7,45,30,153,146,4
06/24/17 09:27,122,288,105,878,60,15
06/24/17 09:27,146,183,88,225,127,15
06/24/17 09:27,123,51,33,455,91,6
06/24/17 09:27,91,27,70,221,109,9
06/24/17 09:27,143,22,169,782,111,20
06/24/17 09:27,4,114,154,932,85,10
06/24/17 09:27,157,41,194,485,141,21
06/24/17 09:27,25,270,197,70,47,14
06/24/17 09:27,113,101,169,372,67,28
06/24/17 09:27,89,29,140,938,146,7
06/24/17 09:27,77,64,157,655,5,12
06/24/17 09:27,87,183,48,343,139,1
06/24/17 09:27,80,18,83,732,52,7
06/24/17 09:27,178,193,209,834,129,8
06/24/17 09:27,71,176,77,538,66,16
06/24/17 09:27,90,227,204,397,136,14
06/24/17 09:27,191,120,110,76,106,29
06/24/17 09:27,116,153,22,688,12,17
06/24/17 09:27,116,149,87,918,104,16
06/24/17 09:27,8,226,29,354,63,3
06/24/17 09:27,185,131,237,524,127,21
06/24/17 09:27,164,235,13,813,17,30
06/24/17 09:27,28,136,46,93,90,23
06/24/17 09:27,175,48,143,860,113,1
06/24/17 09:27,137,165,182,746,116,22
06/24/17 09:27,23,10,26,601,32,21
06/24/17 09:27,108,170,154,683,35,2
06/24/17 09:27,52,70,61,907,139,12
06/24/17 09:27,154,199,65,421,64,18
06/24/17 09:27,193,294,53,36,49,19
06/24/17 09:27,172,106,106,793,48,16
06/24/17 09:27,172,277,189,610,103,13
06/24/17 09:27,113,153,111,366,4,18
06/24/17 09:27,194,272,227,331,49,10
06/24/17 09:27,67,225,59,47,132,17
06/24/17 09:27,193,227,175,785,109,21
06/24/17 09:27,141,224,117,340,15,29
06/24/17 09:27,151,211,148,6,42,24
06/24/17 09:27,30,271,94,623,30,23
06/24/17 09:27,104,158,115,337,66,8
06/24/17 09:27,150,106,169,77,135,3
06/24/17 09:27,20,173,44,555,23,19
06/24/17 09:27,49,89,33,968,44,21
06/24/17 09:27,192,70,175,363,115,2
06/24/17 09:27,142,234,179,914,88,19
06/24/17 09:27,103,91,118,615,24,2
06/24/17 09:27,66,173,212,411,30,7
06/24/17 09:27,75,254,221,986,80,4
06/24/17 09:27,135,181,219,487,112,15
06/24/17 09:27,81,107,66,786,116,26
06/24/17 09:27,101,103,167,248,53,26
06/24/17 09:27,196,184,105,121,121,12
06/24/17 09:27,58,244,161,63,54,10
06/24/17 09:27,96,228,250,915,24,5
06/24/17 09:27,112,98,21,516,73,6
06/24/17 09:27,200,65,73,557,129,2
06/24/17 09:27,164,74,0,585,44,27
06/24/17 09:27,93,243,234,145,140,10
06/24/17 09:27,57,72,162,442,74,8
06/24/17 09:27,60,285,178,727,125,24
06/24/17 09:27,29,45,93,105,46,20
06/24/17 09:27,138,112,63,286,46,11
06/24/17 09:27,138,120,152,492,63,6
06/24/17 09:27,177,282,116,85,86,10
06/24/17 09:27,128,117,45,384,56,9
06/24/17 09:27,2,258,229,897,85,19
06/24/17 09:27,33,73,198,496,24,26
06/24/17 09:27,10,238,5,834,39,1
06/24/17 09:27,14,95,125,494,41,1
06/24/17 09:27,133,212,197,394,62,22
06/24/17 09:27,121,92,249,991,81,17
06/24/17 09:27,168,269,3,783,71,3
06/24/17 09:27,34,101,78,41,22,2
06/24/17 09:27,88,177,145,498,84,28
06/24/17 09:27,184,249,216,368,92,24
06/24/17 09:27,105,7,149,99,72,5
06/24/17 09:27,31,103,127,527,89,22
06/24/17 09:27,186,243,230,156,37,27
06/24/17 09:27,99,99,147,535,138,22
06/24/17 09:27,169,42,185,854,32,24
06/24/17 09:27,14,49,234,22,97,30
06/24/17 09:27,127,99,203,745,27,20
06/24/17 09:27,12,50,233,264,9,22
06/24/17 09:27,129,129,69,150,139,20
06/24/17 09:27,26,156,226,192,142,6
06/24/17 09:27,116,17,127,308,58,16
06/24/17 09:27,179,56,246,43,129,9
06/24/17 09:27,145,188,247,197,93,14
06/24/17 09:27,187,243,103,693,98,13
06/24/17 09:27,40,228,204,320,142,18
06/24/17 09:27,7,153,57,327,98,24
06/24/17 09:27,186,99,36,351,107,27
06/24/17 09:27,17,30,218,908,90,17
06/24/17 09:27,154,288,92,151,107,26
06/24/17 09:27,77,238,139,163,52,14
06/24/17 09:27,109,85,132,330,108,19
06/24/17 09:27,122,275,42,763,36,12
06/24/17 09:27,96,278,70,516,136,17
06/24/17 09:27,12,233,216,961,56,22
06/24/17 09:27,150,56,117,882,4,11
06/24/17 09:27,99,79,53,23,122,11
06/24/17 09:27,135,82,137,969,131,8
06/24/17 09:27,130,28,77,266,51,4
06/24/17 09:27,122,241,107,478,29,14
06/24/17 09:27,89,60,219,234,85,28
06/24/17 09:27,117,202,150,612,147,15
06/24/17 09:27,10,100,57,215,62,26
06/24/17 09:27,75,126,78,121,15,6
06/24/17 09:27,41,213,48,257,133,3
06/24/17 09:27,181,280,186,134,68,7
06/24/17 09:27,154,110,108,895,53,25
06/24/17 09:27,174,127,184,868,122,17
06/24/17 09:27,195,156,141,616,29,5
06/24/17 09:27,25,111,201,383,119,12
06/24/17 09:27,97,159,136,221,39,4
06/24/17 09:27,0,25,81,564,141,3
06/24/17 09:27,81,52,169,997,22,25
06/24/17 09:27,98,72,2,67,104,18
06/24/17 09:27,11,83,188,868,51,27
06/24/17 09:27,139,0,228,755,13,21
06/24/17 09:27,119,104,23,89,76,13
06/24/17 09:27,168,284,86,489,5,19
06/24/17 09:27,6,231,221,148,9,11
06/24/17 09:27,182,299,240,782,98,8
06/24/17 09:27,135,274,211,531,44,16
06/24/17 09:27,82,136,54,613,9,14
06/24/17 09:27,90,127,40,681,44,18
06/24/17 09:27,185,1,123,369,72,7
06/24/17 09:27,186,294,129,318,71,3
06/24/17 09:27,3,74,187,584,24,15
06/24/17 09:27,95,175,37,212,45,8
06/24/17 09:27,169,107,171,501,32,4
06/24/17 09:27,145,80,169,884,102,23
06/24/17 09:27,167,57,220,497,39,25
06/24/17 09:27,180,295,5,584,43,18
06/24/17 09:27,161,162,62,283,5,9
06/24/17 09:27,117,67,63,975,131,20
06/24/17 09:27,81,217,204,934,86,30
06/24/17 09:27,73,166,51,963,129,4
06/24/17 09:27,180,123,72,207,88,29
06/24/17 09:27,71,172,88,399,0,11
06/24/17 09:27,175,20,63,136,87,28
06/24/17 09:27,110,268,98,648,32,1
06/24/17 09:27,25,300,208,361,82,23
06/24/17 09:27,4,269,96,320,140,25
06/24/17 09:27,175,127,13,852,84,25
06/24/17 09:27,83,252,134,452,137,28
06/24/17 09:27,124,89,77,513,47,1
06/24/17 09:27,82,57,74,634,76,24
06/24/17 09:27,45,138,11,782,93,19
06/24/17 09:27,175,43,199,962,127,9
06/24/17 09:27,161,118,46,554,23,2
06/24/17 09:27,96,54,141,592,133,2
06/24/17 09:27,43,203,204,207,100,10
06/24/17 09:27,181,126,237,158,20,12
06/24/17 09:27,36,97,233,50,4,29
06/24/17 09:27,189,4,100,639,149,14
06/24/17 09:27,79,223,191,940,133,18
06/24/17 09:27,108,65,5,754,49,16
06/24/17 09:27,168,205,216,964,65,22
06/24/17 09:27,62,180,32,962,95,8
06/24/17 09:27,123,100,128,989,10,30
06/24/17 09:27,156,4,39,592,56,19
06/24/17 09:27,14,140,109,754,142,3
06/24/17 09:27,5,66,220,886,62,17
06/24/17 09:27,157,121,25,887,99,25
06/24/17 09:27,177,203,15,935,134,18
06/24/17 09:27,100,280,138,251,61,16
06/24/17 09:27,190,297,53,33,40,14
06/24/17 09:27,137,164,47,747,42,22
06/24/17 09:27,175,298,202,574,38,4
06/24/17 09:27,39,242,202,512,88,5
06/24/17 09:27,58,128,70,376,75,11
06/24/17 09:27,97,236,181,294,3,19
06/24/17 09:27,185,122,68,273,142,12
06/24/17 09:27,182,267,26,243,3,29
06/24/17 09:27,130,1,225,792,68,14
06/24/17 09:27,149,3,108,634,114,11
06/24/17 09:27,199,106,32,301,16,19
06/24/17 09:27,69,175,106,843,108,8
06/24/17 09:27,161,44,150,852,59,21
06/24/17 09:27,45,243,192,10,99,6
06/24/17 09:27,68,61,147,994,128,25
06/24/17 09:27,193,35,177,842,63,21
06/24/17 09:27,143,117,126,844,121,14
06/24/17 09:27,27,92,71,76,37,24
06/24/17 09:27,39,293,37,846,121,1
06/24/17 09:27,88,144,202,439,20,9
06/24/17 09:27,83,189,119,455,33,18
06/24/17 09:27,131,73,107,152,25,17
06/24/17 09:27,65,169,124,400,85,10
06/24/17 09:27,42,19,12,859,40,4
06/24/17 09:27,178,293,85,736,40,30
06/24/17 09:27,102,215,84,559,24,14
06/24/17 09:27,174,242,5,135,44,24
06/24/17 09:27,6,243,179,42,136,30
06/24/17 09:27,131,95,135,6,38,30
06/24/17 09:27,185,85,211,129,122,15
06/24/17 09:27,141,289,72,212,109,26
06/24/17 09:27,84,269,177,290,69,18
06/24/17 09:27,32,13,85,987,24,3
06/24/17 09:27,182,194,10,69,83,2
06/24/17 09:27,74,250,3,969,66,9
06/24/17 09:27,90,44,114,281,107,15
06/24/17 09:27,128,220,14,605,66,20
06/24/17 09:27,101,123,127,794,15,30
06/24/17 09:27,40,180,18,218,34,16
06/24/17 09:27,43,59,221,597,139,25
06/24/17 09:27,3,136,137,678,43,28
06/24/17 09:27,110,4,186,380,46,3
06/24/17 09:27,95,58,56,501,72,29
06/24/17 09:27,186,202,51,83,106,6
06/24/17 09:27,131,254,113,414,144,21
06/24/17 09:27,17,224,209,885,145,18
06/24/17 09:27,37,146,144,171,70,4
06/24/17 09:27,15,270,99,387,27,20
06/24/17 09:27,105,239,153,25,119,22
06/24/17 09:27,10,289,60,210,55,25
06/24/17 09:27,75,262,60,876,73,19
06/24/17 09:27,78,107,0,963,132,24
06/24/17 09:27,91,229,124,891,13,22
06/24/17 09:27,160,145,132,419,81,2
06/24/17 09:27,100,16,152,170,18,11
06/24/17 09:27,154,68,210,679,11,17
06/24/17 09:27,175,170,0,294,37,28
06/24/17 09:27,116,75,203,434,92,25
06/24/17 09:27,147,290,62,441,28,2
06/24/17 09:27,130,243,36,145,108,13
06/24/17 09:27,99,115,221,691,66,12
06/24/17 09:27,196,50,23,817,83,24
06/24/17 09:27,35,61,197,654,91,27
06/24/17 09:27,50,30,100,1,45,16
06/24/17 09:27,34,149,232,257,89,19
06/24/17 09:27,25,64,244,776,57,26
06/24/17 09:27,40,67,155,666,149,1
06/24/17 09:27,65,172,197,49,36,23
06/24/17 09:27,42,300,24,764,82,4
06/24/17 09:27,157,139,32,865,118,18
06/24/17 09:27,103,58,163,415,80,18
06/24/17 09:27,138,95,150,810,67,6
06/24/17 09:27,56,130,207,120,77,1
06/24/17 09:27,174,16,188,948,66,27
06/24/17 09:27,145,285,105,147,88,18
06/24/17 09:27,110,244,33,938,50,25
06/24/17 09:27,146,5,206,655,9,17
06/24/17 09:27,158,6,125,862,100,3
06/24/17 09:27,45,111,135,494,103,19
06/24/17 09:27,66,298,88,336,76,6
06/24/17 09:27,77,218,18,18,73,8
06/24/17 09:27,49,156,28,629,9,2
06/24/17 09:27,108,114,72,895,73,2
06/24/17 09:27,55,276,196,196,13,2
06/24/17 09:27,200,106,244,231,38,19
06/24/17 09:27,197,239,208,323,9,30
06/24/17 09:27,188,110,4,60,22,21
06/24/17 09:27,179,134,183,981,115,26
06/24/17 09:27,78,274,132,796,43,23
06/24/17 09:27,112,200,161,228,80,25
06/24/17 09:27,38,133,177,721,22,26
06/24/17 09:27,73,156,20,756,30,11
06/24/17 09:27,119,192,80,248,39,26
06/24/17 09:27,44,246,165,16,38,17
06/24/17 09:27,108,160,120,178,80,29
06/24/17 09:27,180,224,64,106,94,18
06/24/17 09:27,122,123,105,694,143,19
06/24/17 09:27,187,22,150,668,28,5
06/24/17 09:27,130,199,143,789,3,21
06/24/17 09:27,13,225,111,531,25,20
06/24/17 09:27,121,10,9,827,144,15
06/24/17 09:27,158,266,2,204,57,18
06/24/17 09:27,198,13,138,687,35,20
06/24/17 09:27,170,137,245,515,68,6
06/24/17 09:27,21,78,20,14,100,24
06/24/17 09:27,101,186,60,784,0,27
06/24/17 09:27,53,21,154,307,61,28
06/24/17 09:27,112,141,235,333,130,16
06/24/17 09:27,56,181,195,141,67,1
06/24/17 09:27,59,3,137,591,51,18
06/24/17 09:27,106,202,187,921,41,6
06/24/17 09:27,94,243,241,742,48,21
06/24/17 09:27,129,31,13,613,107,4
06/24/17 09:27,69,271,27,606,138,4
06/24/17 09:27,76,181,56,811,135,28
06/24/17 09:27,13,11,88,938,102,23
06/24/17 09:27,162,127,240,394,73,18
06/24/17 09:27,194,299,236,220,97,22
06/24/17 09:27,61,21,34,117,78,10
06/24/17 09:27,157,161,100,55,87,14
06/24/17 09:27,95,100,216,539,143,3
06/24/17 09:27,44,110,75,347,115,12
06/24/17 09:27,77,79,180,276,68,16
06/24/17 09:27,39,80,170,855,145,24
06/24/17 09:27,102,156,17,49,52,26
06/24/17 09:27,141,286,235,214,88,30
06/24/17 09:27,145,111,193,558,82,18
06/24/17 09:27,29,166,19,292,12,16
06/24/17 09:27,98,31,49,749,29,8
06/24/17 09:27,93,292,214,381,69,20
06/24/17 09:27,145,105,241,630,32,5
06/24/17 09:27,152,221,113,566,135,21
06/24/17 09:27,101,257,30,30,47,16
06/24/17 09:27,114,142,130,884,79,29
06/24/17 09:27,137,139,61,156,36,15
06/24/17 09:27,164,254,228,512,148,10
06/24/17 09:27,49,14,209,135,57,19
06/24/17 09:27,134,106,83,433,47,25
06/24/17 09:27,64,204,145,263,44,2
06/24/17 09:27,55,110,188,817,137,6
06/24/17 09:27,34,59,87,973,138,26
06/24/17 09:27,82,102,35,910,121,28
06/24/17 09:27,138,222,209,661,35,14
06/24/17 09:27,11,270,38,777,4,14
06/24/17 09:27,188,209,105,810,129,25
06/24/17 09:27,113,298,203,652,58,25
06/24/17 09:27,45,64,79,226,24,8
06/24/17 09:27,151,119,141,987,84,29
06/24/17 09:27,61,117,39,216,121,8
06/24/17 09:27,194,96,113,821,91,6
06/24/17 09:27,109,100,147,896,99,18
06/24/17 09:27,2,181,219,493,14,9
06/24/17 09:27,190,139,16,170,90,23
06/24/17 09:27,4,274,120,805,52,19
06/24/17 09:27,198,178,147,854,143,6
06/24/17 09:27,139,262,132,501,27,7
06/24/17 09:27,150,296,34,230,102,3
06/24/17 09:27,73,195,179,386,55,3
06/24/17 09:27,177,41,149,299,46,17
06/24/17 09:27,133,140,123,373,100,24
06/24/17 09:27,158,153,103,95,11,26
06/24/17 09:27,28,124,191,658,129,1
