06/24/17 09:27,110,86,109,858,45,6
06/24/17 09:27,186,95,153,529,3,25
06/24/17 09:27,20,30,107,488,56,2
06/24/17 09:27,177,117,250,255,71,19
06/24/17 09:27,50,122,75,159,76,6
06/24/17 09:27,157,213,149,588,26,28
06/24/17 09:27,22,118,45,530,133,1
06/24/17 09:27,69,120,47,695,62,10
06/24/17 09:27,86,135,210,699,8,30
06/24/17 09:27,75,118,104,835,71,17
06/24/17 09:27,176,26,194,684,123,22
06/24/17 09:27,136,9,231,431,71,15
06/24/17 09:27,117,9,146,279,31,12
06/24/17 09:27,144,62,152,372,82,29
06/24/17 09:27,139,212,234,864,47,8
06/24/17 09:27,91,55,73,153,64,24
06/24/17 09:27,191,133,105,563,1,26
06/24/17 09:27,111,189,233,941,1,23
06/24/17 09:27,64,266,196,823,124,23
06/24/17 09:27,96,21,188,546,92,27
06/24/17 09:27,134,70,99,407,55,7
06/24/17 09:27,148,32,31,958,110,30
06/24/17 09:27,117,291,154,511,85,8
06/24/17 09:27,99,295,153,330,47,1
06/24/17 09:27,19,251,216,318,40,3
06/24/17 09:27,53,13,217,335,36,10
06/24/17 09:27,147,83,235,252,119,4
06/24/17 09:27,21,125,138,845,66,25
06/24/17 09:27,48,78,103,76,61,26
06/24/17 09:27,17,55,120,748,83,20
06/24/17 09:27,76,285,240,834,63,1
06/24/17 09:27,118,247,146,756,114,6
06/24/17 09:27,167,187,165,0,95,21
06/24/17 09:27,80,238,239,723,117,10
06/24/17 09:27,113,113,25,323,57,12
06/24/17 09:27,65,119,87,881,76,2
06/24/17 09:27,17,277,147,190,94,7
06/24/17 09:27,37,60,90,747,137,22
06/24/17 09:27,36,200,132,221,58,16
06/24/17 09:27,146,242,199,377,14,17
06/24/17 09:27,148,206,20,980,120,29
06/24/17 09:27,159,220,236,268,130,19
06/24/17 09:27,42,242,170,378,9,10
06/24/17 09:27,53,225,8,558,20,5
06/24/17 09:27,111,292,218,728,5,30
06/24/17 09:27,165,291,248,158,130,4
06/24/17 09:27,194,149,229,186,132,14
06/24/17 09:27,0,219,235,465,95,29
06/24/17 09:27,109,69,21,983,0,10
06/24/17 09:27,105,214,108,809,120,4
06/24/17 09:27,99,275,158,484,28,5
06/24/17 09:27,131,56,219,215,47,9
06/24/17 09:27,161,84,101,225,132,29
06/24/17 09:27,1,230,248,400,20,20
06/24/17 09:27,18,121,85,688,141,29
06/24/17 09:27,141,31,116,107,9,16
06/24/17 09:27,104,50,144,884,62,2
06/24/17 09:27,59,283,248,547,22,22
06/24/17 09:27,80,137,24,158,78,24
06/24/17 09:27,163,92,59,649,113,25
06/24/17 09:27,35,59,36,745,148,13
06/24/17 09:27,98,44,7,689,9,8
06/24/17 09:27,4,83,211,400,122,11
06/24/17 09:27,158,82,151,25,132,24
06/24/17 09:27,54,112,133,749,92,6
06/24/17 09:27,121,13,193,774,89,14
06/24/17 09:27,79,92,157,602,6,27
06/24/17 09:27,86,1,216,271,104,11
06/24/17 09:27,31,169,178,638,50,13
06/24/17 09:27,120,25,31,503,133,17
06/24/17 09:27,87,244,59,165,54,24
06/24/17 09:27,137,57,156,12,48,10
06/24/17 09:27,61,288,224,277,66,6
06/24/17 09:27,52,136,85,289,83,28
06/24/17 09:27,187,122,22,889,74,10
06/24/17 09:27,68,277,116,869,141,22
06/24/17 09:27,29,195,13,321,124,18
06/24/17 09:27,1,268,52,481,112,4
06/24/17 09:27,58,20,120,520,90,10
06/24/17 09:27,75,30,13,965,50,6
06/24/17 09:27,192,225,202,968,81,10
06/24/17 09:27,185,111,146,792,101,7
06/24/17 09:27,49,294,62,487,67,25
06/24/17 09:27,9,179,199,811,87,7
06/24/17 09:27,64,98,245,510,109,25
06/24/17 09:27,151,217,223,373,60,24
06/24/17 09:27,166,160,31,813,22,1
06/24/17 09:27,163,219,147,952,86,27
06/24/17 09:27,85,159,161,541,60,22
06/24/17 09:27,72,97,166,442,117,6
06/24/17 09:27,28,27,10,176,98,27
06/24/17 09:27,92,284,64,232,32,26
06/24/17 09:27,137,227,21,684,77,28
06/24/17 09:27,176,150,227,75,124,22
06/24/17 09:27,78,176,88,230,75,9
06/24/17 09:27,86,219,135,469,12,19
06/24/17 09:27,191,44,88,196,145,4
06/24/17 09:27,130,225,60,514,29,20
06/24/17 09:27,40,148,78,124,106,4
06/24/17 09:27,35,119,186,462,37,25
06/24/17 09:27,39,276,207,773,93,21
06/24/17 09:27,18,165,148,813,112,27
06/24/17 09:27,54,233,128,193,83,20
06/24/17 09:27,129,135,71,842,83,28
06/24/17 09:27,3,49,87,221,36,10
06/24/17 09:27,161,176,123,16,133,14
06/24/17 09:27,185,248,4,855,48,24
06/24/17 09:27,119,101,64,37,129,26
06/24/17 09:27,59,141,28,265,6,13
06/24/17 09:27,80,164,25,280,21,6
06/24/17 09:27,19,70,87,971,29,21
06/24/17 09:27,141,134,137,228,124,16
06/24/17 09:27,167,40,40,813,57,7
06/24/17 09:27,130,212,64,846,72,11
06/24/17 09:27,118,98,106,727,11,21
06/24/17 09:27,11,273,28,279,43,18
06/24/17 09:27,1,52,112,855,48,10
06/24/17 09:27,17,193,28,414,134,5
06/24/17 09:27,113,277,247,733,107,8
06/24/17 09:27,82,205,68,278,10,24
06/24/17 09:27,196,38,128,252,93,18
06/24/17 09:27,11,215,67,240,51,11
06/24/17 09:27,11,187,144,363,70,9
06/24/17 09:27,175,40,13,77,61,20
06/24/17 09:27,84,297,175,638,44,1
06/24/17 09:27,189,291,91,18,86,29
06/24/17 09:27,142,225,244,554,97,30
06/24/17 09:27,18,287,153,332,111,19
06/24/17 09:27,131,36,67,590,82,22
06/24/17 09:27,181,20,195,777,30,2
06/24/17 09:27,156,117,105,219,93,13
06/24/17 09:27,6,215,2,543,55,9
06/24/17 09:27,20,35,235,22,103,6
06/24/17 09:27,116,232,239,920,38,21
06/24/17 09:27,158,245,68,411,29,26
06/24/17 09:27,48,210,90,626,143,22
06/24/17 09:27,5,216,87,798,30,30
06/24/17 09:27,3,256,107,63,49,5
06/24/17 09:27,145,168,198,895,138,14
06/24/17 09:27,134,98,85,81,65,16
06/24/17 09:27,65,4,176,414,100,26
06/24/17 09:27,128,189,116,84,142,11
06/24/17 09:27,32,89,65,354,65,15
06/24/17 09:27,199,216,35,635,146,20
06/24/17 09:27,83,274,246,475,35,16
06/24/17 09:27,133,110,114,636,7,22
06/24/17 09:27,143,253,220,335,46,10
06/24/17 09:27,4,50,115,42,37,21
06/24/17 09:27,53,70,225,472,94,10
06/24/17 09:27,33,62,232,631,15,20
06/24/17 09:27,104,122,146,341,59,5
06/24/17 09:27,58,293,42,914,86,6
06/24/17 09:27,43,284,120,961,101,21
06/24/17 09:27,65,106,120,325,141,11
06/24/17 09:27,86,210,220,696,91,30
06/24/17 09:27,189,214,114,55,74,23
06/24/17 09:27,183,199,86,943,20,9
06/24/17 09:27,32,126,198,57,56,2
06/24/17 09:27,87,282,66,345,64,14
06/24/17 09:27,67,219,231,10,25,12
06/24/17 09:27,20,252,210,396,93,1
06/24/17 09:27,78,220,67,803,75,30
06/24/17 09:27,64,282,227,383,135,14
06/24/17 09:27,92,156,243,843,115,28
06/24/17 09:27,31,6,5,715,38,9
06/24/17 09:27,143,192,98,742,108,12
06/24/17 09:27,86,252,5,816,42,21
06/24/17 09:27,49,103,160,217,20,29
06/24/17 09:27,143,154,22,993,55,3
06/24/17 09:27,100,167,208,379,37,8
06/24/17 09:27,169,56,97,195,139,12
06/24/17 09:27,143,285,247,552,44,13
06/24/17 09:27,82,188,129,620,98,27
06/24/17 09:27,141,11,3,651,133,26
06/24/17 09:27,141,224,27,715,101,16
06/24/17 09:27,94,73,147,202,119,4
06/24/17 09:27,18,88,141,124,86,10
06/24/17 09:27,56,140,21,661,147,2
06/24/17 09:27,52,296,238,921,5,17
06/24/17 09:27,39,175,26,909,99,22
06/24/17 09:27,19,149,57,271,68,17
06/24/17 09:27,151,272,100,211,73,1
06/24/17 09:27,169,204,91,311,62,14
06/24/17 09:27,34,17,4,160,78,29
06/24/17 09:27,186,293,104,451,41,12
06/24/17 09:27,172,48,213,599,120,27
06/24/17 09:27,5,297,132,440,22,28
06/24/17 09:27,17,77,27,243,92,20
06/24/17 09:27,194,4,17,929,14,27
06/24/17 09:27,127,91,187,656,13,21
06/24/17 09:27,157,152,206,879,41,9
06/24/17 09:27,200,232,35,920,4,6
06/24/17 09:27,135,25,148,584,36,14
06/24/17 09:27,53,173,60,14,109,4
06/24/17 09:27,111,223,39,970,143,25
06/24/17 09:27,112,30,64,969,21,3
06/24/17 09:27,147,15,103,289,3,1
06/24/17 09:27,69,245,157,758,58,9
06/24/17 09:27,65,42,47,51,98,19
06/24/17 09:27,51,190,176,771,84,19
06/24/17 09:27,83,274,245,197,113,28
06/24/17 09:27,172,276,96,921,111,7
06/24/17 09:27,189,47,164,109,83,2
06/24/17 09:27,43,146,58,558,70,21
06/24/17 09:27,128,225,130,428,23,22
06/24/17 09:27,131,49,124,274,0,5
06/24/17 09:27,19,74,116,52,54,30
06/24/17 09:27,61,34,181,538,119,3
06/24/17 09:27,141,7,192,189,144,12
06/24/17 09:27,1,63,165,572,4,6
06/24/17 09:27,99,179,220,875,121,2
06/24/17 09:27,172,177,117,730,99,25
06/24/17 09:27,165,92,195,576,67,26
06/24/17 09:27,88,216,160,944,129,29
06/24/17 09:27,76,147,3,250,37,23
06/24/17 09:27,144,279,164,635,74,15
06/24/17 09:27,16,28,49,657,142,12
06/24/17 09:27,197,223,107,214,29,23
06/24/17 09:27,38,102,160,971,31,8
06/24/17 09:27,200,57,101,344,117,6
06/24/17 09:27,138,297,82,152,91,20
06/24/17 09:27,62,29,80,119,95,20
06/24/17 09:27,61,219,161,172,31,17
06/24/17 09:27,58,259,162,197,7,24
06/24/17 09:27,160,211,178,481,107,26
06/24/17 09:27,116,195,155,408,4,26
06/24/17 09:27,13,127,124,578,129,26
06/24/17 09:27,8,300,29,373,124,26
06/24/17 09:27,134,41,194,75,95,21
06/24/17 09:27,172,228,101,760,97,22
06/24/17 09:27,43,41,9,847,49,23
06/24/17 09:27,45,166,171,377,47,25
06/24/17 09:27,153,157,94,650,129,16
06/24/17 09:27,58,178,248,476,68,9
06/24/17 09:27,103,124,193,307,129,27
06/24/17 09:27,68,223,139,261,112,6
06/24/17 09:27,196,174,8,350,108,19
06/24/17 09:27,156,105,172,316,10,10
06/24/17 09:27,79,67,232,838,43,8
06/24/17 09:27,185,245,245,135,79,25
06/24/17 09:27,176,57,74,397,64,9
06/24/17 09:27,125,135,99,123,8,3
06/24/17 09:27,161,294,162,519,28,2
06/24/17 09:27,26,223,121,849,86,25
06/24/17 09:27,16,9,201,890,104,10
06/24/17 09:27,84,175,47,660,62,19
06/24/17 09:27,111,246,2,400,34,18
06/24/17 09:27,171,257,217,409,4,4
06/24/17 09:27,41,197,68,52,50,9
06/24/17 09:27,190,196,137,268,19,5
06/24/17 09:27,21,27,19,629,78,2
06/24/17 09:27,76,177,14,544,78,15
06/24/17 09:27,193,147,196,455,122,13
06/24/17 09:27,128,252,236,753,68,26
06/24/17 09:27,89,124,177,891,66,18
06/24/17 09:27,123,220,60,358,133,13
06/24/17 09:27,147,24,48,500,14,25
06/24/17 09:27,132,114,77,158,34,1
06/24/17 09:27,127,139,221,974,74,10
06/24/17 09:27,36,264,193,120,102,27
06/24/17 09:27,84,243,8,720,6,22
06/24/17 09:27,186,146,236,996,136,7
06/24/17 09:27,72,133,162,681,141,10
06/24/17 09:27,150,265,113,192,45,3
06/24/17 09:27,72,106,157,493,89,9
06/24/17 09:27,44,149,138,512,81,3
06/24/17 09:27,12,81,97,112,84,26
06/24/17 09:27,37,204,87,853,74,3
06/24/17 09:27,84,146,162,579,8,29
06/24/17 09:27,199,220,182,325,75,12
06/24/17 09:27,98,81,164,498,19,15
06/24/17 09:27,37,174,82,408,73,30
06/24/17 09:27,25,5,158,81,64,12
06/24/17 09:27,96,5,210,783,19,23
06/24/17 09:27,124,177,222,483,94,2
06/24/17 09:27,177,196,172,263,101,24
06/24/17 09:27,131,4,185,72,31,8
06/24/17 09:27,164,234,168,394,33,3
06/24/17 09:27,51,223,163,84,60,28
06/24/17 09:27,142,144,117,345,87,18
06/24/17 09:27,20,5,64,772,87,12
06/24/17 09:27,174,232,77,709,130,7
06/24/17 09:27,166,264,222,42,70,28
06/24/17 09:27,100,69,236,98,86,2
06/24/17 09:27,193,166,229,570,145,8
06/24/17 09:27,66,268,26,168,34,10
06/24/17 09:27,70,251,172,837,89,11
06/24/17 09:27,47,226,83,197,34,15
06/24/17 09:27,1,125,204,737,12,14
06/24/17 09:27,30,70,36,564,28,2
06/24/17 09:27,42,1,226,483,145,3
06/24/17 09:27,199,185,19,522,79,29
06/24/17 09:27,84,71,12,909,135,15
06/24/17 09:27,193,158,238,519,32,30
06/24/17 09:27,150,74,69,353,16,14
06/24/17 09:27,44,182,203,876,39,2
06/24/17 09:27,42,276,26,902,88,26
06/24/17 09:27,151,119,53,755,106,27
06/24/17 09:27,194,223,90,543,93,8
06/24/17 09:27,152,288,22,332,62,28
06/24/17 09:27,186,129,10,576,36,28
06/24/17 09:27,175,277,224,608,9,12
06/24/17 09:27,163,207,239,44,116,21
06/24/17 09:27,3,296,67,771,66,22
06/24/17 09:27,77,205,113,87,48,23
06/24/17 09:27,105,274,242,436,94,27
06/24/17 09:27,135,188,5,478,46,15
06/24/17 09:27,97,117,4,688,103,6
06/24/17 09:27,183,49,34,971,75,14
06/24/17 09:27,175,172,238,442,51,13
06/24/17 09:27,12,258,142,547,8,23
06/24/17 09:27,172,125,177,743,146,11
06/24/17 09:27,147,293,75,566,77,28
06/24/17 09:27,76,261,38,468,51,9
06/24/17 09:27,66,287,148,907,58,3
06/24/17 09:27,82,74,208,434,55,25
06/24/17 09:27,80,92,236,959,23,27
06/24/17 09:27,92,31,189,613,121,26
06/24/17 09:27,70,35,193,674,32,19
06/24/17 09:27,197,211,100,251,2,15
06/24/17 09:27,137,194,194,703,117,19
06/24/17 09:27,187,171,65,119,30,5
06/24/17 09:27,16,216,23,646,93,7
06/24/17 09:27,17,91,225,445,95,4
06/24/17 09:27,162,242,103,508,53,12
06/24/17 09:27,66,49,41,12,42,10
06/24/17 09:27,149,9,83,715,139,3
06/24/17 09:27,148,286,82,285,16,8
06/24/17 09:27,53,69,150,278,64,16
06/24/17 09:27,69,278,172,660,20,7
06/24/17 09:27,118,75,147,300,86,7
06/24/17 09:27,170,230,41,336,61,27
06/24/17 09:27,136,106,139,166,109,5
06/24/17 09:27,60,19,221,724,50,20
06/24/17 09:27,92,86,64,726,35,16
06/24/17 09:27,28,121,101,805,101,13
06/24/17 09:27,46,108,181,178,135,19
06/24/17 09:27,156,147,63,256,51,21
06/24/17 09:27,94,132,236,192,116,14
06/24/17 09:27,17,196,13,167,121,15
06/24/17 09:27,188,268,22,677,93,23
06/24/17 09:27,194,272,6,562,34,2
06/24/17 09:27,84,99,131,375,51,6
06/24/17 09:27,54,32,161,703,103,16
06/24/17 09:27,91,228,56,825,68,3
06/24/17 09:27,111,66,27,566,88,27
06/24/17 09:27,193,235,237,158,55,6
06/24/17 09:27,111,85,227,216,103,6
06/24/17 09:27,196,294,40,962,121,7
06/24/17 09:27,85,265,185,218,43,12
06/24/17 09:27,14,36,119,263,150,19
06/24/17 09:27,56,71,188,490,110,14
06/24/17 09:27,69,52,44,728,137,17
06/24/17 09:27,168,262,225,817,94,6
06/24/17 09:27,67,241,4,840,15,6
06/24/17 09:27,153,64,24,269,74,14
06/24/17 09:27,138,190,244,136,28,11
06/24/17 09:27,90,275,169,355,6,22
06/24/17 09:27,171,87,109,691,78,5
06/24/17 09:27,138,18,50,545,112,3
06/24/17 09:27,90,15,1,253,93,16
06/24/17 09:27,170,219,94,578,23,10
06/24/17 09:27,60,173,123,713,146,16
06/24/17 09:27,46,269,67,770,148,19
06/24/17 09:27,112,82,126,997,92,27
06/24/17 09:27,57,220,175,274,46,12
06/24/17 09:27,134,200,244,297,119,4
06/24/17 09:27,35,120,239,138,98,24
06/24/17 09:27,193,66,136,503,33,9
06/24/17 09:27,30,90,213,241,103,28
06/24/17 09:27,118,163,97,336,112,30
06/24/17 09:27,26,40,22,569,95,12
06/24/17 09:27,15,270,3,966,20,24
06/24/17 09:27,24,111,98,408,144,22
06/24/17 09:27,176,227,149,266,12,30
06/24/17 09:27,80,133,87,51,149,22
06/24/17 09:27,141,120,5,78,78,15
06/24/17 09:27,168,35,211,821,108,24
06/24/17 09:27,143,269,47,94,4,1
06/24/17 09:27,7,160,178,371,141,9
06/24/17 09:27,141,62,63,542,38,17
06/24/17 09:27,129,195,58,789,33,14
06/24/17 09:27,130,291,238,238,58,13
06/24/17 09:27,79,131,66,368,112,30
06/24/17 09:27,83,105,46,33,25,18
06/24/17 09:27,187,141,240,2,62,28
06/24/17 09:27,118,238,61,513,32,13
06/24/17 09:27,92,68,203,531,150,27
06/24/17 09:27,198,214,122,299,124,6
06/24/17 09:27,129,179,156,68,12,26
06/24/17 09:27,107,38,194,14,71,25
06/24/17 09:27,82,47,80,841,61,7
06/24/17 09:27,12,241,20,485,40,23
06/24/17 09:27,180,209,116,689,146,25
06/24/17 09:27,132,217,83,650,70,4
06/24/17 09:27,77,243,22,521,119,27
06/24/17 09:27,47,12,146,471,125,27
06/24/17 09:27,59,105,77,489,113,16
06/24/17 09:27,85,2,38,657,104,12
06/24/17 09:27,156,79,16,719,142,21
06/24/17 09:27,187,132,32,617,29,16
06/24/17 09:27,143,24,86,601,63,23
06/24/17 09:27,135,193,248,972,90,20
06/24/17 09:27,162,214,210,149,14,25
06/24/17 09:27,63,7,228,282,51,26
06/24/17 09:27,188,35,11,83,101,28
06/24/17 09:27,81,80,206,772,133,17
06/24/17 09:27,200,220,143,168,109,21
06/24/17 09:27,38,126,209,372,81,21
06/24/17 09:27,58,267,14,6,133,20
06/24/17 09:27,51,291,168,906,134,16
06/24/17 09:27,183,215,190,375,15,3
06/24/17 09:27,143,13,171,635,9,26
06/24/17 09:27,130,183,154,970,120,25
06/24/17 09:27,9,108,133,269,31,27
06/24/17 09:27,168,122,78,443,149,22
06/24/17 09:27,165,99,247,491,13,10
06/24/17 09:27,197,18,30,284,62,3
06/24/17 09:27,148,87,130,732,36,11
06/24/17 09:27,199,150,216,334,142,13
06/24/17 09:27,80,137,56,491,144,19
06/24/17 09:27,187,171,191,937,78,10
06/24/17 09:27,136,47,155,752,7,22
06/24/17 09:27,176,182,181,861,49,5
06/24/17 09:27,96,54,50,79,65,14
06/24/17 09:27,140,211,108,994,93,29
06/24/17 09:27,143,157,177,143,85,25
06/24/17 09:27,111,118,99,444,55,28
06/24/17 09:27,34,134,149,861,13,24
06/24/17 09:27,177,161,137,113,133,1
06/24/17 09:27,12,138,31,932,3,25
06/24/17 09:27,41,101,123,632,58,22
06/24/17 09:27,76,114,28,427,96,17
06/24/17 09:27,18,10,176,933,56,10
06/24/17 09:27,144,250,144,600,81,10
06/24/17 09:27,91,263,78,91,49,23
06/24/17 09:27,29,25,3,398,78,3
06/24/17 09:27,146,122,56,590,131,27
06/24/17 09:27,52,80,0,252,52,25
06/24/17 09:27,67,55,30,608,48,27
06/24/17 09:27,147,284,195,871,39,1
06/24/17 09:27,147,210,111,717,120,9
06/24/17 09:27,89,132,53,572,11,22
06/24/17 09:27,32,238,184,729,99,29
06/24/17 09:27,55,174,199,229,124,6
06/24/17 09:27,35,288,94,473,59,1
06/24/17 09:27,48,173,228,723,92,10
06/24/17 09:27,162,256,238,818,17,28
06/24/17 09:27,120,249,139,958,131,5
06/24/17 09:27,163,73,101,639,57,13
06/24/17 09:27,70,105,37,876,135,30
06/24/17 09:27,151,288,3,143,46,28
06/24/17 09:27,157,177,90,330,90,28
06/24/17 09:27,63,196,232,165,5,21
06/24/17 09:27,97,272,44,495,10,6
06/24/17 09:27,150,160,171,491,85,15
06/24/17 09:27,17,7,85,634,40,1
06/24/17 09:27,69,109,200,759,142,16
06/24/17 09:27,191,258,245,343,47,6
06/24/17 09:27,30,293,233,754,37,23
06/24/17 09:27,58,272,118,268,113,14
06/24/17 09:27,41,72,74,225,116,21
06/24/17 09:27,12,24,202,39,0,4
06/24/17 09:27,160,30,189,361,18,7
06/24/17 09:27,14,5,100,433,51,29
06/24/17 09:27,196,271,216,750,118,22
06/24/17 09:27,131,44,186,716,38,20
06/24/17 09:27,77,116,137,522,29,18
06/24/17 09:27,181,13,119,448,39,15
06/24/17 09:27,44,26,67,305,57,12
06/24/17 09:27,8,15,175,436,117,8
06/24/17 09:27,64,61,114,56,28,8
06/24/17 09:27,34,279,140,636,56,16
06/24/17 09:27,8,110,22,497,17,4
06/24/17 09:27,27,270,136,647,97,20
06/24/17 09:27,65,102,67,211,106,12
06/24/17 09:27,65,271,234,887,145,19
06/24/17 09:27,147,117,139,105,149,13
06/24/17 09:27,192,176,5,890,113,16
06/24/17 09:27,13,170,210,120,98,7
06/24/17 09:27,113,3,17,489,22,9
06/24/17 09:27,53,85,28,525,8,7
06/24/17 09:27,188,10,32,495,97,3
06/24/17 09:27,112,151,124,424,49,14
06/24/17 09:27,62,128,239,654,118,18
06/24/17 09:27,199,218,138,983,131,22
06/24/17 09:27,28,95,64,695,58,5
06/24/17 09:27,32,78,83,607,72,18
06/24/17 09:27,53,244,60,12,59,25
06/24/17 09:27,131,160,108,59,59,26
06/24/17 09:27,95,170,115,31,131,30
06/24/17 09:27,169,296,109,306,138,28
06/24/17 09:27,148,215,174,59,120,5
06/24/17 09:27,196,83,56,202,4,14
06/24/17 09:27,146,241,114,164,141,5
06/24/17 09:27,102,196,188,688,119,27
06/24/17 09:27,178,198,116,153,117,2
06/24/17 09:27,189,91,55,395,94,5
06/24/17 09:27,133,249,181,948,144,15
06/24/17 09:27,96,39,200,67,49,7
06/24/17 09:27,14,297,61,191,86,7
06/24/17 09:27,41,277,115,323,139,14
06/24/17 09:27,44,229,66,18,90,27
06/24/17 09:27,80,12,196,315,52,29
06/24/17 09:27,48,144,217,402,63,12
06/24/17 09:27,170,227,3,261,7,23
06/24/17 09:27,166,84,216,863,38,6
06/24/17 09:27,182,158,214,830,96,2
06/24/17 09:27,199,127,199,159,71,27
06/24/17 09:27,89,146,31,528,87,5
06/24/17 09:27,97,128,69,864,147,5
06/24/17 09:27,82,257,227,634,117,4
06/24/17 09:27,78,20,139,946,87,21
06/24/17 09:27,147,70,128,918,35,14
06/24/17 09:27,29,55,222,985,90,24
06/24/17 09:27,160,52,165,614,88,10
06/24/17 09:27,113,289,236,886,92,23
06/24/17 09:27,149,19,81,772,1,17
06/24/17 09:27,17,296,149,580,64,27
06/24/17 09:27,22,174,39,237,20,14
06/24/17 09:27,84,177,203,701,147,4
06/24/17 09:27,193,242,249,996,91,2
06/24/17 09:27,73,288,122,368,71,10
06/24/17 09:27,72,96,37,62,105,17
06/24/17 09:27,114,274,82,921,59,4
06/24/17 09:27,72,60,121,683,150,22
06/24/17 09:27,142,52,235,886,74,5
06/24/17 09:27,74,224,60,213,88,7
06/24/17 09:27,64,13,155,279,118,9
06/24/17 09:27,52,220,182,115,39,21
06/24/17 09:27,85,111,195,334,150,12
06/24/17 09:27,61,256,238,206,147,17
06/24/17 09:27,52,195,141,801,116,20
06/24/17 09:27,165,135,61,910,53,27
06/24/17 09:27,152,182,132,581,51,13
06/24/17 09:27,61,209,27,15,89,13
06/24/17 09:27,71,75,32,174,32,20
06/24/17 09:27,148,127,149,587,27,26
06/24/17 09:27,74,194,142,296,101,17
06/24/17 09:27,12,177,8,280,150,13
06/24/17 09:27,28,37,65,81,42,12
06/24/17 09:27,147,298,11,745,70,18
06/24/17 09:27,63,122,243,917,23,11
06/24/17 09:27,88,289,235,729,87,20
06/24/17 09:27,95,155,52,770,92,9
06/24/17 09:27,188,88,137,361,4,23
06/24/17 09:27,43,104,193,23,41,11
06/24/17 09:27,71,278,226,457,143,11
06/24/17 09:27,195,215,77,323,123,2
06/24/17 09:27,73,219,243,958,117,26
06/24/17 09:27,21,216,9,318,91,19
06/24/17 09:27,199,291,174,955,115,7
06/24/17 09:27,90,160,24,998,27,5
06/24/17 09:27,174,261,9,954,59,28
06/24/17 09:27,17,244,159,26,27,24
06/24/17 09:27,41,274,223,449,100,7
06/24/17 09:27,76,146,199,609,82,1
06/24/17 09:27,89,255,239,429,70,12
06/24/17 09:27,134,52,160,805,39,23
06/24/17 09:27,195,258,238,729,13,20
06/24/17 09:27,177,141,23,817,17,14
06/24/17 09:27,55,139,216,596,6,21
06/24/17 09:27,43,80,225,178,90,23
06/24/17 09:27,81,90,107,774,106,29
06/24/17 09:27,53,255,11,721,93,4
06/24/17 09:27,93,134,154,618,125,7
06/24/17 09:27,160,11,132,948,136,21
06/24/17 09:27,69,197,7,409,65,16
06/24/17 09:27,192,261,127,552,6,6
06/24/17 09:27,39,295,83,275,39,6
06/24/17 09:27,187,265,80,591,39,23
06/24/17 09:27,184,185,82,556,18,1
06/24/17 09:27,99,153,58,343,57,16
06/24/17 09:27,34,190,186,138,140,29
06/24/17 09:27,105,272,165,178,33,1
06/24/17 09:27,158,239,117,97,54,19
06/24/17 09:27,88,52,106,586,1,5
06/24/17 09:27,190,19,80,908,41,23
06/24/17 09:27,185,270,241,588,101,30
06/24/17 09:27,40,207,236,819,84,11
06/24/17 09:27,66,229,6,222,121,7
06/24/17 09:27,161,124,72,467,44,28
06/24/17 09:27,120,26,223,660,112,14
06/24/17 09:27,109,164,5,162,55,21
06/24/17 09:27,166,43,43,742,73,24
06/24/17 09:27,74,150,43,190,142,6
06/24/17 09:27,36,173,240,754,121,29
06/24/17 09:27,184,199,35,24,60,7
06/24/17 09:27,143,85,189,227,108,6
06/24/17 09:27,98,142,180,253,84,5
06/24/17 09:27,104,117,61,421,149,3
06/24/17 09:27,198,267,224,279,114,17
06/24/17 09:27,176,44,208,442,0,26
06/24/17 09:27,31,151,169,359,54,9
06/24/17 09:27,139,112,37,897,106,20
06/24/17 09:27,31,27,81,435,43,16
06/24/17 09:27,85,69,205,772,27,14
06/24/17 09:27,3,146,118,801,2,14
06/24/17 09:27,169,215,77,587,59,24
06/24/17 09:27,16,253,111,244,123,26
06/24/17 09:27,21,199,227,903,115,2
06/24/17 09:27,162,115,153,519,56,8
06/24/17 09:27,122,52,239,522,20,1
06/24/17 09:27,52,239,65,838,82,2
06/24/17 09:27,16,18,125,941,105,10
06/24/17 09:27,31,115,132,53,150,5
06/24/17 09:27,179,100,18,865,148,26
06/24/17 09:27,166,178,70,568,138,19
06/24/17 09:27,25,23,52,598,18,25
06/24/17 09:27,120,112,31,538,56,28
06/24/17 09:27,178,95,15,699,134,2
06/24/17 09:27,49,16,236,198,50,12
06/24/17 09:27,199,201,47,423,106,2
06/24/17 09:27,69,219,122,83,135,3
06/24/17 09:27,147,225,75,60,10,18
06/24/17 09:27,108,192,52,845,97,13
06/24/17 09:27,161,298,51,123,112,12
06/24/17 09:27,188,34,145,364,54,2
06/24/17 09:27,111,43,111,552,23,4
06/24/17 09:27,29,282,158,750,39,17
06/24/17 09:27,191,156,45,86,14,1
06/24/17 09:27,38,245,47,140,80,27
06/24/17 09:27,125,209,65,231,35,16
06/24/17 09:27,106,13,221,72,143,8
06/24/17 09:27,53,286,173,34,88,28
06/24/17 09:27,1,101,73,231,30,2
06/24/17 09:27,83,164,246,416,150,5
06/24/17 09:27,32,220,66,13,45,3
06/24/17 09:27,152,179,186,496,24,17
06/24/17 09:27,31,156,17,263,137,24
06/24/17 09:27,30,84,247,546,18,19
06/24/17 09:27,31,39,240,99,35,11
06/24/17 09:27,147,63,123,410,150,19
06/24/17 09:27,151,159,78,466,89,19
06/24/17 09:27,72,158,86,681,84,7
06/24/17 09:27,171,166,155,36,44,30
06/24/17 09:27,122,97,218,35,49,3
06/24/17 09:27,118,236,46,289,39,13
06/24/17 09:27,93,64,102,146,67,26
06/24/17 09:27,105,73,171,952,6,8
06/24/17 09:27,61,265,122,628,133,14
06/24/17 09:27,164,257,48,86,111,26
06/24/17 09:27,40,155,81,810,111,13
06/24/17 09:27,101,207,234,595,71,30
06/24/17 09:27,153,187,198,751,136,16
06/24/17 09:27,197,36,169,887,68,28
06/24/17 09:27,41,222,219,17,86,27
06/24/17 09:27,11,97,120,905,75,16
06/24/17 09:27,57,205,22,997,80,25
06/24/17 09:27,162,240,238,251,41,6
06/24/17 09:27,1,141,86,446,22,1
06/24/17 09:27,182,44,204,510,70,2
06/24/17 09:27,43,83,203,493,27,24
06/24/17 09:27,9,146,177,335,137,3
06/24/17 09:27,31,292,102,766,11,20
06/24/17 09:27,81,272,147,581,16,30
06/24/17 09:27,96,282,195,254,52,9
06/24/17 09:27,54,261,16,265,16,18
06/24/17 09:27,7,224,88,368,49,13
06/24/17 09:27,32,51,6,983,121,19
06/24/17 09:27,24,254,148,670,49,28
06/24/17 09:27,6,74,66,278,45,23
06/24/17 09:27,73,9,82,209,91,9
06/24/17 09:27,50,135,9,966,81,27
06/24/17 09:27,167,161,106,524,60,26
06/24/17 09:27,125,70,65,848,61,10
06/24/17 09:27,195,7,153,389,134,9
06/24/17 09:27,22,293,216,528,10,29
06/24/17 09:27,147,183,27,832,60,21
06/24/17 09:27,155,55,220,7,92,25
06/24/17 09:27,131,76,200,520,74,21
06/24/17 09:27,167,159,169,732,27,27
06/24/17 09:27,145,9,49,964,27,10
06/24/17 09:27,177,225,237,137,40,24
06/24/17 09:27,106,249,90,843,65,20
06/24/17 09:27,115,44,236,367,115,9
06/24/17 09:27,156,243,15,737,41,15
06/24/17 09:27,92,251,176,429,50,3
06/24/17 09:27,181,274,121,960,56,17
06/24/17 09:27,76,55,244,136,99,10
06/24/17 09:27,61,80,116,498,24,10
06/24/17 09:27,73,173,247,208,145,8
06/24/17 09:27,78,132,53,677,114,30
06/24/17 09:27,174,186,61,364,78,11
06/24/17 09:27,174,276,93,163,0,5
06/24/17 09:27,142,46,139,587,2,16
06/24/17 09:27,176,210,56,535,142,9
06/24/17 09:27,165,125,136,646,123,29
06/24/17 09:27,8,22,150,47,77,14
06/24/17 09:27,165,293,138,941,49,16
06/24/17 09:27,123,123,95,923,44,6
06/24/17 09:27,133,177,44,701,105,28
06/24/17 09:27,1,189,76,790,101,4
06/24/17 09:27,171,83,147,202,143,22
06/24/17 09:27,58,245,223,279,39,21
06/24/17 09:27,74,126,112,196,110,9
06/24/17 09:27,150,100,69,153,57,28
06/24/17 09:27,144,5,206,654,116,11
06/24/17 09:27,100,112,188,957,32,23
06/24/17 09:27,170,181,33,151,4,24
06/24/17 09:27,105,64,20,96,46,11
06/24/17 09:27,7,203,209,802,31,21
06/24/17 09:27,92,48,104,378,2,12
06/24/17 09:27,161,212,231,906,129,1
06/24/17 09:27,88,137,87,127,40,25
06/24/17 09:27,140,163,144,297,51,26
06/24/17 09:27,189,120,99,264,96,18
06/24/17 09:27,177,213,220,889,11,26
06/24/17 09:27,58,91,210,939,18,24
06/24/17 09:27,50,217,56,736,87,17
06/24/17 09:27,30,20,218,555,78,4
06/24/17 09:27,122,25,80,736,134,17
06/24/17 09:27,90,281,3,102,34,20
06/24/17 09:27,5,223,204,834,107,29
06/24/17 09:27,102,125,134,970,146,6
06/24/17 09:27,94,285,114,860,55,17
06/24/17 09:27,126,240,61,918,38,3
06/24/17 09:27,177,162,106,37,1,13
06/24/17 09:27,132,54,32,905,110,18
06/24/17 09:27,148,294,153,737,17,18
06/24/17 09:27,147,264,219,357,52,19
06/24/17 09:27,149,211,201,303,133,14
06/24/17 09:27,78,124,34,821,77,2
06/24/17 09:27,168,204,132,862,46,23
06/24/17 09:27,39,119,209,722,93,19
06/24/17 09:27,18,162,20,825,48,18
06/24/17 09:27,95,65,94,602,44,20
06/24/17 09:27,195,213,178,63,118,13
06/24/17 09:27,69,74,116,707,71,15
06/24/17 09:27,68,299,44,697,123,11
06/24/17 09:27,176,30,204,976,67,17
06/24/17 09:27,156,297,235,407,88,22
06/24/17 09:27,93,80,247,209,78,6
06/24/17 09:27,145,101,146,493,136,23
06/24/17 09:27,136,56,69,320,1,24
06/24/17 09:27,197,190,128,514,50,26
06/24/17 09:27,114,253,46,537,4,5
06/24/17 09:27,148,6,57,118,111,22
06/24/17 09:27,134,27,138,529,67,7
06/24/17 09:27,112,0,209,182,18,7
06/24/17 09:27,55,76,88,268,80,9
06/24/17 09:27,67,233,227,143,127,5
06/24/17 09:27,22,181,232,685,49,16
06/24/17 09:27,97,222,179,972,1,22
06/24/17 09:27,59,74,167,735,150,15
06/24/17 09:27,125,183,240,397,98,16
06/24/17 09:27,98,270,12,862,121,26
06/24/17 09:27,182,183,11,215,69,8
06/24/17 09:27,15,268,101,314,94,3
06/24/17 09:27,138,16,121,212,110,16
06/24/17 09:27,113,250,87,124,6,20
06/24/17 09:27,79,146,96,259,101,30
06/24/17 09:27,10,19,59,998,58,12
06/24/17 09:27,5,31,85,570,32,9
06/24/17 09:27,130,26,127,588,12,12
06/24/17 09:27,159,165,2,745,127,30
06/24/17 09:27,189,8,143,535,17,25
06/24/17 09:27,10,112,117,401,75,7
06/24/17 09:27,162,143,189,320,123,13
06/24/17 09:27,112,183,91,111,4,28
06/24/17 09:27,27,288,208,855,34,29
06/24/17 09:27,154,9,6,594,52,26
06/24/17 09:27,21,137,149,109,53,3
06/24/17 09:27,132,181,14,311,24,11
06/24/17 09:27,149,125,121,275,123,26
06/24/17 09:27,156,55,20,82,139,5
06/24/17 09:27,146,160,201,373,121,21
06/24/17 09:27,185,111,220,174,3,24
06/24/17 09:27,105,253,90,28,85,6
06/24/17 09:27,169,148,166,7,109,15
06/24/17 09:27,129,140,78,987,81,22
06/24/17 09:27,94,84,107,858,35,13
06/24/17 09:27,119,194,216,736,103,16
06/24/17 09:27,145,251,115,721,110,27
06/24/17 09:27,133,242,232,435,144,23
06/24/17 09:27,18,112,41,461,60,1
06/24/17 09:27,67,23,15,137,76,11
06/24/17 09:27,56,145,132,578,83,14
06/24/17 09:27,58,289,31,781,116,9
06/24/17 09:27,143,245,44,607,20,27
06/24/17 09:27,52,117,232,168,81,3
06/24/17 09:27,22,16,246,803,136,2
06/24/17 09:27,184,47,92,501,64,26
06/24/17 09:27,77,222,29,388,104,11
06/24/17 09:27,91,134,236,955,82,18
06/24/17 09:27,84,234,157,310,75,14
06/24/17 09:27,67,139,177,905,12,20
06/24/17 09:27,171,24,188,942,130,14
06/24/17 09:27,156,45,187,861,122,8
06/24/17 09:27,142,96,20,867,3,25
06/24/17 09:27,9,66,147,918,57,24
06/24/17 09:27,67,182,75,832,150,14
06/24/17 09:27,45,260,108,436,25,27
06/24/17 09:27,66,274,94,608,101,12
06/24/17 09:27,88,152,32,185,62,15
06/24/17 09:27,21,104,122,237,23,27
06/24/17 09:27,43,117,82,35,96,26
06/24/17 09:27,128,254,27,932,103,15
06/24/17 09:27,98,299,5,240,86,3
06/24/17 09:27,24,160,109,655,68,25
06/24/17 09:27,48,204,154,301,126,29
06/24/17 09:27,156,201,224,881,148,7
06/24/17 09:27,51,226,62,463,145,28
06/24/17 09:27,194,66,91,129,7,4
06/24/17 09:27,156,207,170,529,34,25
06/24/17 09:27,181,233,204,964,103,29
06/24/17 09:27,146,284,167,313,57,19
06/24/17 09:27,116,257,154,627,106,18
06/24/17 09:27,91,187,155,196,141,19
06/24/17 09:27,136,21,45,320,86,26
06/24/17 09:27,43,237,8,496,116,7
06/24/17 09:27,116,225,126,893,98,5
06/24/17 09:27,14,123,102,606,9,22
06/24/17 09:27,160,21,244,353,82,24
06/24/17 09:27,54,83,71,549,73,11
06/24/17 09:27,119,83,183,22,129,16
06/24/17 09:27,172,96,94,342,76,14
06/24/17 09:27,83,8,166,337,150,20
06/24/17 09:27,124,14,168,208,113,21
06/24/17 09:27,56,136,223,920,80,10
06/24/17 09:27,122,187,52,893,101,5
06/24/17 09:27,39,269,90,511,136,18
06/24/17 09:27,40,141,92,834,48,5
06/24/17 09:27,5,285,24,751,47,4
06/24/17 09:27,150,194,59,855,118,19
06/24/17 09:27,191,283,249,616,124,16
06/24/17 09:27,13,66,250,37,63,18
06/24/17 09:27,163,300,88,265,110,16
06/24/17 09:27,81,89,230,829,128,26
06/24/17 09:27,21,149,191,642,126,10
06/24/17 09:27,51,202,210,991,11,28
06/24/17 09:27,167,271,71,427,2,20
06/24/17 09:27,107,224,30,431,1,7
06/24/17 09:27,197,64,161,49,21,29
06/24/17 09:27,176,117,167,586,134,8
06/24/17 09:27,76,112,79,491,65,26
06/24/17 09:27,177,218,73,762,55,1
06/24/17 09:27,166,121,83,228,48,30
06/24/17 09:27,56,166,233,316,12,29
06/24/17 09:27,26,108,174,35,27,28
06/24/17 09:27,167,61,200,693,25,22
06/24/17 09:27,173,153,247,832,47,19
06/24/17 09:27,47,250,117,917,43,8
06/24/17 09:27,30,243,80,991,65,9
06/24/17 09:27,152,129,145,588,71,23
06/24/17 09:27,155,151,131,843,125,11
06/24/17 09:27,116,39,150,992,102,14
06/24/17 09:27,173,121,224,846,92,9
06/24/17 09:27,42,122,94,683,73,13
06/24/17 09:27,70,111,115,412,97,23
06/24/17 09:27,36,235,226,430,13,3
06/24/17 09:27,122,249,210,383,103,5
06/24/17 09:27,54,169,108,346,66,20
06/24/17 09:27,133,39,109,371,64,19
06/24/17 09:27,199,261,17,529,135,16
06/24/17 09:27,35,218,63,565,73,5
06/24/17 09:27,47,190,11,701,84,23
06/24/17 09:27,41,284,42,54,96,2
06/24/17 09:27,187,273,250,294,23,22
06/24/17 09:27,53,215,248,770,52,22
06/24/17 09:27,0,284,211,542,44,4
06/24/17 09:27,46,60,94,309,97,11
06/24/17 09:27,13,131,71,964,14,25
06/24/17 09:27,55,34,189,219,20,1
06/24/17 09:27,60,168,190,799,90,5
06/24/17 09:27,187,251,132,293,143,15
06/24/17 09:27,175,185,195,68,109,3
06/24/17 09:27,159,92,120,249,54,26
06/24/17 09:27,136,209,71,448,53,2
06/24/17 09:27,170,185,227,20,132,7
06/24/17 09:27,114,155,194,972,57,27
06/24/17 09:27,27,134,46,613,147,13
06/24/17 09:27,86,275,15,906,90,27
06/24/17 09:27,116,186,2,242,61,6
06/24/17 09:27,0,120,183,678,89,18
06/24/17 09:27,5,185,77,133,32,16
06/24/17 09:27,87,208,145,781,18,5
06/24/17 09:27,56,175,150,405,45,27
06/24/17 09:27,107,11,76,809,59,7
06/24/17 09:27,141,28,116,230,115,23
06/24/17 09:27,162,91,23,382,10,16
06/24/17 09:27,14,287,17,811,19,22
06/24/17 09:27,178,160,242,856,123,23
06/24/17 09:27,182,202,87,224,127,14
06/24/17 09:27,182,205,198,697,90,24
06/24/17 09:27,154,95,28,923,135,18
06/24/17 09:27,136,244,198,668,101,18
06/24/17 09:27,161,8,237,682,128,16
06/24/17 09:27,176,102,248,875,78,12
06/24/17 09:27,114,77,47,608,76,10
06/24/17 09:27,43,140,138,509,128,27
06/24/17 09:27,165,39,151,892,41,2
06/24/17 09:27,148,286,180,73,107,21
06/24/17 09:27,33,100,140,156,7,3
06/24/17 09:27,103,117,222,841,69,13
06/24/17 09:27,17,214,186,863,59,13
06/24/17 09:27,16,203,202,940,24,5
06/24/17 09:27,16,100,148,611,47,5
06/24/17 09:27,140,17,72,458,106,5
06/24/17 09:27,148,34,106,507,149,6
06/24/17 09:27,59,214,13,390,82,1
06/24/17 09:27,45,256,233,965,147,15
06/24/17 09:27,22,59,225,523,143,20
06/24/17 09:27,127,237,250,579,47,23
06/24/17 09:27,136,60,243,453,77,4
06/24/17 09:27,69,278,125,613,18,28
06/24/17 09:27,193,219,71,135,69,30
06/24/17 09:27,48,281,86,626,40,29
06/24/17 09:27,2,212,212,366,6,29
06/24/17 09:27,172,214,129,446,34,9
06/24/17 09:27,163,24,204,836,117,22
06/24/17 09:27,133,23,101,696,115,24
06/24/17 09:27,32,264,90,760,58,28
06/24/17 09:27,32,240,63,602,95,16
06/24/17 09:27,164,58,245,584,3,7
06/24/17 09:27,48,57,122,918,27,27
06/24/17 09:27,36,150,233,72,146,30
06/24/17 09:27,41,34,183,335,61,29
06/24/17 09:27,143,7,87,783,88,18
06/24/17 09:27,185,241,7,161,97,12
06/24/17 09:27,39,37,56,829,44,18
06/24/17 09:27,138,277,46,419,108,6
06/24/17 09:27,194,250,3,125,145,30
06/24/17 09:27,173,170,66,664,16,27
06/24/17 09:27,46,245,101,728,115,9
06/24/17 09:27,72,123,147,465,107,9
06/24/17 09:27,74,228,209,246,44,5
06/24/17 09:27,200,194,76,123,28,23
06/24/17 09:27,120,237,193,349,73,28
06/24/17 09:27,192,212,236,923,2,3
06/24/17 09:27,178,224,34,199,138,29
06/24/17 09:27,192,135,206,188,74,19
06/24/17 09:27,185,152,35,937,106,26
06/24/17 09:27,13,78,63,772,98,8
06/24/17 09:27,64,83,144,757,62,3
06/24/17 09:27,116,209,123,766,66,12
06/24/17 09:27,32,183,86,99,149,15
06/24/17 09:27,139,87,242,857,148,21
06/24/17 09:27,84,115,27,208,132,24
06/24/17 09:27,127,250,127,79,53,30
06/24/17 09:27,85,84,179,991,59,8
06/24/17 09:27,116,43,28,21,25,17
06/24/17 09:27,48,45,173,462,107,27
06/24/17 09:27,121,200,35,290,27,20
06/24/17 09:27,167,110,173,858,116,27
06/24/17 09:27,107,272,110,450,104,28
06/24/17 09:27,15,2,193,782,61,9
06/24/17 09:27,163,293,118,42,79,11
06/24/17 09:27,166,207,180,507,137,12
06/24/17 09:27,23,183,201,607,65,16
06/24/17 09:27,152,26,97,103,85,29
06/24/17 09:27,181,250,152,24,30,14
06/24/17 09:27,145,218,164,56,79,30
06/24/17 09:27,3,86,131,234,8,10
06/24/17 09:27,55,42,84,172,128,9
06/24/17 09:27,144,156,42,602,119,4
06/24/17 09:27,82,292,106,621,85,5
06/24/17 09:27,83,39,116,252,76,23
06/24/17 09:27,70,157,234,93,88,4
06/24/17 09:27,115,30,27,773,86,5
06/24/17 09:27,127,6,166,921,3,12
06/24/17 09:27,163,219,39,231,123,26
06/24/17 09:27,186,148,233,758,109,4
06/24/17 09:27,169,9,189,338,66,25
06/24/17 09:27,71,267,105,840,56,9
06/24/17 09:27,183,96,89,292,44,1
06/24/17 09:27,58,135,164,607,109,6
06/24/17 09:27,194,241,141,928,42,18
06/24/17 09:27,87,190,97,336,31,21
06/24/17 09:27,81,263,114,1000,137,27
06/24/17 09:27,42,14,134,842,21,30
06/24/17 09:27,31,128,122,22,13,15
06/24/17 09:27,83,49,98,137,122,17
06/24/17 09:27,172,66,56,881,91,22
06/24/17 09:27,199,46,213,11,106,6
06/24/17 09:27,143,67,200,843,140,27
06/24/17 09:27,126,108,133,797,80,2
06/24/17 09:27,154,181,23,599,132,8
06/24/17 09:27,93,50,124,695,71,12
06/24/17 09:27,134,109,23,667,66,28
06/24/17 09:27,168,229,92,738,28,3
06/24/17 09:27,194,97,51,57,113,11
06/24/17 09:27,49,279,121,776,73,22
06/24/17 09:27,41,264,110,997,77,27
06/24/17 09:27,64,209,90,37,14,1
06/24/17 09:27,86,0,104,96,139,28
06/24/17 09:27,141,40,38,904,103,23
06/24/17 09:27,198,191,128,115,109,4
06/24/17 09:27,71,157,105,215,50,13
06/24/17 09:27,1,160,126,918,25,5
06/24/17 09:27,162,1,152,558,36,3
06/24/17 09:27,116,100,156,508,72,14
06/24/17 09:27,97,189,17,795,121,19
06/24/17 09:27,80,114,64,29,82,22
06/24/17 09:27,112,142,33,683,1,17
06/24/17 09:27,0,250,74,407,150,24
06/24/17 09:27,100,230,186,208,118,21
06/24/17 09:27,123,289,246,435,147,24
06/24/17 09:27,55,287,161,416,84,10
