06/24/17 09:27,37,54,185,974,79,17
06/24/17 09:27,114,120,219,43,39,29
06/24/17 09:27,81,140,194,808,20,30
06/24/17 09:27,152,225,83,100,48,30
06/24/17 09:27,139,129,115,650,74,19
06/24/17 09:27,81,291,237,530,110,28
06/24/17 09:27,63,215,40,240,130,13
06/24/17 09:27,12,281,94,597,128,23
06/24/17 09:27,120,268,136,489,63,3
06/24/17 09:27,71,112,14,51,51,2
06/24/17 09:27,94,110,146,91,134,19
06/24/17 09:27,117,172,3,975,72,16
06/24/17 09:27,62,254,250,882,41,14
06/24/17 09:27,143,27,250,451,46,23
06/24/17 09:27,66,171,221,337,122,11
06/24/17 09:27,61,293,165,565,22,22
06/24/17 09:27,163,3,134,430,124,27
06/24/17 09:27,83,234,35,496,27,24
06/24/17 09:27,190,242,61,411,90,19
06/24/17 09:27,188,169,138,42,111,24
06/24/17 09:27,35,104,89,988,8,13
06/24/17 09:27,158,109,31,123,34,20
06/24/17 09:27,148,213,130,294,8,27
06/24/17 09:27,184,111,194,340,30,5
06/24/17 09:27,87,159,200,876,16,15
06/24/17 09:27,8,35,56,594,150,27
06/24/17 09:27,100,163,99,401,41,11
06/24/17 09:27,40,292,75,146,84,30
06/24/17 09:27,107,20,150,38,145,21
06/24/17 09:27,104,164,139,529,75,26
06/24/17 09:27,136,264,67,996,115,16
06/24/17 09:27,53,240,71,854,128,5
06/24/17 09:27,143,172,101,760,147,13
06/24/17 09:27,151,119,110,525,16,24
06/24/17 09:27,71,64,77,696,91,11
06/24/17 09:27,60,253,137,664,12,14
06/24/17 09:27,35,47,0,259,124,9
06/24/17 09:27,171,285,34,119,44,1
06/24/17 09:27,141,63,225,88,30,16
06/24/17 09:27,151,103,33,218,97,22
06/24/17 09:27,18,142,175,130,95,28
06/24/17 09:27,5,44,233,510,85,5
06/24/17 09:27,159,195,211,956,111,30
06/24/17 09:27,15,262,129,285,56,10
06/24/17 09:27,169,125,175,576,33,14
06/24/17 09:27,136,175,106,687,127,14
06/24/17 09:27,117,73,162,476,11,19
06/24/17 09:27,6,23,231,268,38,24
06/24/17 09:27,199,110,250,936,1,7
06/24/17 09:27,145,145,113,267,122,25
06/24/17 09:27,174,80,150,51,109,6
06/24/17 09:27,87,71,113,684,40,29
06/24/17 09:27,1,293,35,917,53,11
06/24/17 09:27,74,199,81,241,37,23
06/24/17 09:27,180,186,81,645,60,7
06/24/17 09:27,186,195,69,189,140,8
06/24/17 09:27,34,291,203,676,32,20
06/24/17 09:27,48,130,84,405,121,1
06/24/17 09:27,30,53,223,135,31,11
06/24/17 09:27,43,259,146,274,84,6
06/24/17 09:27,48,260,227,606,125,14
06/24/17 09:27,168,138,68,366,142,18
06/24/17 09:27,152,48,105,15,97,16
06/24/17 09:27,100,286,165,207,123,21
06/24/17 09:27,175,152,62,916,122,19
06/24/17 09:27,10,114,100,123,15,7
06/24/17 09:27,87,280,225,151,12,22
06/24/17 09:27,3,282,145,662,25,5
06/24/17 09:27,184,151,207,385,51,18
06/24/17 09:27,155,175,60,71,83,2
06/24/17 09:27,105,156,118,214,135,19
06/24/17 09:27,108,156,174,577,83,10
06/24/17 09:27,127,284,163,154,22,16
06/24/17 09:27,128,37,139,356,106,19
06/24/17 09:27,125,226,35,729,89,14
06/24/17 09:27,137,127,68,201,8,15
06/24/17 09:27,74,290,4,970,58,6
06/24/17 09:27,16,131,24,816,29,23
06/24/17 09:27,97,97,238,301,47,25
06/24/17 09:27,126,47,235,645,23,1
06/24/17 09:27,135,46,130,554,52,29
06/24/17 09:27,35,152,49,268,147,20
06/24/17 09:27,89,151,243,248,35,10
06/24/17 09:27,95,149,137,955,43,17
06/24/17 09:27,190,235,87,573,76,5
06/24/17 09:27,61,111,20,669,112,15
06/24/17 09:27,97,152,182,721,31,8
06/24/17 09:27,129,52,159,224,64,20
06/24/17 09:27,68,289,99,577,7,2
06/24/17 09:27,171,251,127,889,72,12
06/24/17 09:27,13,268,232,257,45,1
06/24/17 09:27,22,128,23,334,35,3
06/24/17 09:27,172,3,82,979,56,8
06/24/17 09:27,199,283,216,657,73,24
06/24/17 09:27,142,85,40,145,113,30
06/24/17 09:27,81,115,74,62,52,25
06/24/17 09:27,104,82,117,500,40,22
06/24/17 09:27,16,19,101,348,144,28
06/24/17 09:27,23,70,97,128,23,18
06/24/17 09:27,51,53,14,607,140,24
06/24/17 09:27,78,186,244,756,20,13
06/24/17 09:27,29,208,153,955,97,1
06/24/17 09:27,177,51,239,924,20,3
06/24/17 09:27,187,143,63,329,99,26
06/24/17 09:27,125,266,87,755,58,3
06/24/17 09:27,176,238,141,432,150,18
06/24/17 09:27,3,154,149,140,121,9
06/24/17 09:27,167,82,128,675,22,16
06/24/17 09:27,181,253,114,81,64,19
06/24/17 09:27,139,228,94,111,99,7
06/24/17 09:27,53,4,214,376,99,10
06/24/17 09:27,171,213,4,41,124,19
06/24/17 09:27,37,249,104,905,49,19
06/24/17 09:27,17,19,48,224,75,25
06/24/17 09:27,163,218,75,830,138,29
06/24/17 09:27,151,101,203,24,78,14
06/24/17 09:27,184,38,184,981,117,26
06/24/17 09:27,27,136,216,641,31,10
06/24/17 09:27,81,274,245,249,71,24
06/24/17 09:27,64,239,59,537,101,22
06/24/17 09:27,156,74,118,578,11,18
06/24/17 09:27,41,0,197,656,36,17
06/24/17 09:27,17,64,192,727,84,22
06/24/17 09:27,182,145,181,848,88,22
06/24/17 09:27,82,66,169,103,29,19
06/24/17 09:27,39,270,183,780,83,13
06/24/17 09:27,145,53,207,122,84,17
06/24/17 09:27,103,269,163,548,108,8
06/24/17 09:27,199,173,250,795,117,20
06/24/17 09:27,18,254,202,666,34,23
06/24/17 09:27,130,269,62,325,86,2
06/24/17 09:27,41,242,59,702,133,28
06/24/17 09:27,82,269,72,344,138,12
06/24/17 09:27,59,276,179,247,85,2
06/24/17 09:27,83,239,204,271,103,1
06/24/17 09:27,96,180,57,727,42,20
06/24/17 09:27,143,46,144,260,49,16
06/24/17 09:27,168,61,32,628,117,1
06/24/17 09:27,171,284,195,631,128,17
06/24/17 09:27,186,228,153,459,86,4
06/24/17 09:27,147,93,229,440,29,4
06/24/17 09:27,33,158,127,446,138,18
06/24/17 09:27,173,130,156,920,129,2
06/24/17 09:27,94,23,229,457,30,21
06/24/17 09:27,151,106,186,889,41,17
06/24/17 09:27,47,261,49,429,107,1
06/24/17 09:27,104,183,185,300,9,13
06/24/17 09:27,92,35,190,190,143,9
06/24/17 09:27,91,221,196,952,28,4
06/24/17 09:27,104,188,249,174,120,29
06/24/17 09:27,125,246,61,348,106,14
06/24/17 09:27,70,56,237,575,105,21
06/24/17 09:27,89,264,117,52,33,11
06/24/17 09:27,79,48,26,839,120,7
06/24/17 09:27,159,73,163,221,63,5
06/24/17 09:27,113,32,178,247,35,9
06/24/17 09:27,197,223,195,694,78,1
06/24/17 09:27,117,204,64,627,69,5
06/24/17 09:27,150,174,76,496,95,13
06/24/17 09:27,40,217,181,659,43,24
06/24/17 09:27,38,181,173,376,118,3
06/24/17 09:27,132,10,229,713,124,25
06/24/17 09:27,141,178,123,280,61,28
06/24/17 09:27,133,148,153,83,117,5
06/24/17 09:27,18,210,42,466,29,23
06/24/17 09:27,97,249,119,76,64,7
06/24/17 09:27,4,69,56,148,40,18
06/24/17 09:27,37,99,198,210,139,25
06/24/17 09:27,120,106,4,755,19,4
06/24/17 09:27,64,231,152,382,113,1
06/24/17 09:27,23,2,184,132,147,26
06/24/17 09:27,6,112,205,544,130,9
06/24/17 09:27,66,140,134,215,135,7
06/24/17 09:27,132,135,88,563,54,15
06/24/17 09:27,98,215,139,186,47,14
06/24/17 09:27,199,132,189,101,9,12
06/24/17 09:27,90,232,15,840,116,20
06/24/17 09:27,70,279,132,181,59,13
06/24/17 09:27,31,37,21,502,56,17
06/24/17 09:27,43,245,141,244,69,29
06/24/17 09:27,198,155,30,261,125,2
06/24/17 09:27,96,42,65,750,55,23
06/24/17 09:27,110,40,129,873,21,29
06/24/17 09:27,84,162,243,601,107,5
06/24/17 09:27,178,179,250,22,31,25
06/24/17 09:27,39,146,124,975,27,28
06/24/17 09:27,31,95,221,212,62,3
06/24/17 09:27,180,135,231,169,41,16
06/24/17 09:27,105,202,171,720,6,14
06/24/17 09:27,20,172,118,365,43,16
06/24/17 09:27,95,294,203,24,57,16
06/24/17 09:27,101,255,129,130,116,30
06/24/17 09:27,41,55,90,967,57,22
06/24/17 09:27,82,186,43,135,58,4
06/24/17 09:27,153,183,240,772,94,19
06/24/17 09:27,174,201,49,16,79,14
06/24/17 09:27,186,148,127,512,23,16
06/24/17 09:27,111,260,105,643,68,25
06/24/17 09:27,99,295,193,58,97,9
06/24/17 09:27,118,152,233,768,83,15
06/24/17 09:27,7,126,94,438,116,13
06/24/17 09:27,133,299,202,323,92,1
06/24/17 09:27,118,213,119,419,71,5
06/24/17 09:27,178,109,21,222,65,21
06/24/17 09:27,38,166,177,754,60,28
06/24/17 09:27,120,94,13,112,45,8
06/24/17 09:27,158,95,206,647,74,7
06/24/17 09:27,153,0,150,561,0,28
06/24/17 09:27,89,263,79,13,134,15
06/24/17 09:27,98,137,138,713,95,21
06/24/17 09:27,31,91,78,980,43,23
06/24/17 09:27,154,71,216,808,48,10
06/24/17 09:27,54,70,87,478,81,22
06/24/17 09:27,120,266,201,173,49,1
06/24/17 09:27,158,110,64,29,93,27
06/24/17 09:27,127,251,193,777,129,9
06/24/17 09:27,97,145,89,763,147,2
06/24/17 09:27,15,189,24,484,4,13
06/24/17 09:27,184,82,56,617,13,19
06/24/17 09:27,19,276,244,557,19,16
06/24/17 09:27,136,124,89,119,67,19
06/24/17 09:27,156,97,45,556,51,29
06/24/17 09:27,17,63,65,119,38,14
06/24/17 09:27,115,180,25,968,118,23
06/24/17 09:27,139,44,67,972,130,15
06/24/17 09:27,76,8,213,771,97,6
06/24/17 09:27,59,269,19,996,15,16
06/24/17 09:27,145,138,81,72,56,5
06/24/17 09:27,138,269,107,229,116,17
06/24/17 09:27,91,233,217,93,118,25
06/24/17 09:27,165,178,243,777,139,6
06/24/17 09:27,97,273,226,323,57,28
06/24/17 09:27,85,138,20,974,145,7
06/24/17 09:27,78,294,118,104,17,28
06/24/17 09:27,40,288,143,283,97,1
06/24/17 09:27,172,2,191,475,49,29
06/24/17 09:27,53,240,97,189,12,10
06/24/17 09:27,10,128,166,859,117,14
06/24/17 09:27,67,214,59,187,12,11
06/24/17 09:27,62,298,128,393,134,17
06/24/17 09:27,84,198,156,562,25,8
06/24/17 09:27,9,257,83,55,42,19
06/24/17 09:27,194,30,41,660,81,28
06/24/17 09:27,135,60,205,580,122,5
06/24/17 09:27,161,52,91,181,34,4
06/24/17 09:27,1,201,237,668,112,6
06/24/17 09:27,174,252,17,450,48,20
06/24/17 09:27,173,261,224,612,132,3
06/24/17 09:27,42,181,249,259,9,8
06/24/17 09:27,177,113,168,776,144,24
06/24/17 09:27,46,235,71,919,58,27
06/24/17 09:27,190,58,15,367,37,4
06/24/17 09:27,0,0,214,970,109,7
06/24/17 09:27,161,160,121,485,114,20
06/24/17 09:27,80,260,42,72,14,17
06/24/17 09:27,68,235,201,556,55,28
06/24/17 09:27,129,141,208,886,117,30
06/24/17 09:27,78,248,204,306,128,11
06/24/17 09:27,196,114,99,377,18,15
06/24/17 09:27,162,7,18,212,75,29
06/24/17 09:27,184,221,134,833,76,17
06/24/17 09:27,35,122,226,991,13,19
06/24/17 09:27,163,17,101,610,38,7
06/24/17 09:27,89,92,44,769,57,23
06/24/17 09:27,103,62,250,888,89,14
06/24/17 09:27,46,216,89,533,116,14
06/24/17 09:27,14,13,229,276,71,7
06/24/17 09:27,15,209,200,509,13,12
06/24/17 09:27,174,17,81,296,50,16
06/24/17 09:27,179,13,139,37,31,19
06/24/17 09:27,68,282,136,88,123,19
06/24/17 09:27,177,239,144,887,93,13
06/24/17 09:27,84,23,172,314,141,23
06/24/17 09:27,46,248,48,511,112,18
06/24/17 09:27,4,109,249,859,134,24
06/24/17 09:27,2,115,218,691,29,5
06/24/17 09:27,196,214,29,859,17,19
06/24/17 09:27,153,5,111,611,145,14
06/24/17 09:27,59,276,211,152,108,10
06/24/17 09:27,101,240,168,945,110,28
06/24/17 09:27,7,16,93,319,126,15
06/24/17 09:27,139,249,22,69,42,30
06/24/17 09:27,93,33,173,430,114,13
06/24/17 09:27,9,77,113,938,67,23
06/24/17 09:27,182,150,231,151,37,4
06/24/17 09:27,3,182,64,112,29,17
06/24/17 09:27,70,36,216,8,10,16
06/24/17 09:27,124,113,209,513,139,30
06/24/17 09:27,72,142,243,540,102,28
06/24/17 09:27,159,210,87,358,116,6
06/24/17 09:27,71,104,53,301,57,11
06/24/17 09:27,15,222,135,768,106,25
06/24/17 09:27,156,298,104,971,3,25
06/24/17 09:27,127,204,194,347,5,24
06/24/17 09:27,79,99,73,338,10,30
06/24/17 09:27,48,174,126,155,79,16
06/24/17 09:27,186,138,2,139,110,10
06/24/17 09:27,69,73,158,775,87,18
06/24/17 09:27,22,284,238,830,98,8
06/24/17 09:27,145,85,66,407,46,25
06/24/17 09:27,137,51,34,936,28,16
06/24/17 09:27,146,288,114,420,130,4
06/24/17 09:27,50,158,122,813,17,16
06/24/17 09:27,124,171,246,94,0,15
06/24/17 09:27,124,89,185,253,68,9
06/24/17 09:27,196,261,105,556,45,10
06/24/17 09:27,75,256,44,643,12,15
06/24/17 09:27,171,249,49,641,107,2
06/24/17 09:27,98,173,11,716,2,8
06/24/17 09:27,165,287,139,222,121,1
06/24/17 09:27,12,287,15,945,144,11
06/24/17 09:27,62,135,199,753,139,25
06/24/17 09:27,113,226,107,809,127,26
06/24/17 09:27,106,163,157,57,18,19
06/24/17 09:27,21,211,176,386,47,8
06/24/17 09:27,47,245,70,352,83,7
06/24/17 09:27,82,210,52,862,148,29
06/24/17 09:27,46,182,176,815,51,14
06/24/17 09:27,18,251,127,757,143,15
06/24/17 09:27,112,282,37,375,72,14
06/24/17 09:27,200,253,210,50,148,5
06/24/17 09:27,91,71,196,92,31,27
06/24/17 09:27,191,143,142,401,87,22
06/24/17 09:27,119,52,103,670,39,18
06/24/17 09:27,141,141,146,239,42,7
06/24/17 09:27,98,202,124,558,110,17
06/24/17 09:27,79,78,37,201,116,25
06/24/17 09:27,182,253,80,245,99,27
06/24/17 09:27,54,129,21,994,105,30
06/24/17 09:27,131,19,7,856,130,18
06/24/17 09:27,183,69,138,879,11,17
06/24/17 09:27,179,53,87,119,24,10
06/24/17 09:27,62,34,161,277,72,26
06/24/17 09:27,63,79,244,586,83,12
06/24/17 09:27,67,290,134,381,121,15
06/24/17 09:27,116,185,28,794,100,2
06/24/17 09:27,14,80,23,942,60,24
06/24/17 09:27,139,1,176,896,88,8
06/24/17 09:27,141,140,212,99,22,18
06/24/17 09:27,109,90,131,287,43,15
06/24/17 09:27,17,138,93,618,65,12
06/24/17 09:27,102,248,151,733,69,28
06/24/17 09:27,143,164,207,436,114,7
06/24/17 09:27,71,126,234,272,26,4
06/24/17 09:27,100,277,90,229,89,8
06/24/17 09:27,160,270,190,419,96,3
06/24/17 09:27,86,52,155,867,107,19
06/24/17 09:27,51,83,63,712,9,8
06/24/17 09:27,11,84,13,695,130,1
06/24/17 09:27,44,297,203,877,144,22
06/24/17 09:27,8,149,121,409,121,2
06/24/17 09:27,137,48,181,477,82,21
06/24/17 09:27,178,249,27,178,67,29
06/24/17 09:27,54,49,9,361,99,23
06/24/17 09:27,69,123,246,143,104,12
06/24/17 09:27,170,166,247,729,4,23
06/24/17 09:27,65,204,138,175,62,2
06/24/17 09:27,17,224,101,843,55,7
06/24/17 09:27,176,198,247,205,113,11
06/24/17 09:27,124,143,105,413,11,9
06/24/17 09:27,9,8,118,364,127,4
06/24/17 09:27,73,88,250,366,52,10
06/24/17 09:27,73,104,238,360,38,14
06/24/17 09:27,166,80,192,997,144,11
06/24/17 09:27,36,91,108,192,71,24
06/24/17 09:27,10,261,190,728,55,30
06/24/17 09:27,66,161,122,725,46,18
06/24/17 09:27,60,57,194,273,124,6
06/24/17 09:27,106,150,168,482,86,28
06/24/17 09:27,181,110,239,648,112,24
06/24/17 09:27,33,244,39,27,68,12
06/24/17 09:27,193,104,107,451,118,19
06/24/17 09:27,60,121,90,277,77,3
06/24/17 09:27,142,243,200,895,65,27
06/24/17 09:27,152,83,197,39,53,2
06/24/17 09:27,153,171,153,852,60,23
06/24/17 09:27,14,120,160,814,17,16
06/24/17 09:27,156,162,120,363,67,25
06/24/17 09:27,129,41,94,568,68,7
06/24/17 09:27,31,287,204,763,108,9
06/24/17 09:27,56,112,232,207,9,2
06/24/17 09:27,1,45,110,460,65,17
06/24/17 09:27,14,162,130,75,26,9
06/24/17 09:27,59,221,71,658,121,12
06/24/17 09:27,11,15,213,387,13,9
06/24/17 09:27,169,54,198,705,94,29
06/24/17 09:27,147,229,158,186,37,1
06/24/17 09:27,86,163,158,584,20,17
06/24/17 09:27,81,215,176,604,102,17
06/24/17 09:27,154,115,130,226,85,28
06/24/17 09:27,2,62,33,624,23,2
06/24/17 09:27,174,175,26,357,4,13
06/24/17 09:27,180,183,186,760,28,6
06/24/17 09:27,93,37,11,841,101,16
06/24/17 09:27,122,41,122,872,148,22
06/24/17 09:27,58,61,128,512,92,9
06/24/17 09:27,7,25,67,31,112,18
06/24/17 09:27,198,46,189,566,44,5
06/24/17 09:27,147,162,47,880,121,17
06/24/17 09:27,8,258,40,99,132,21
06/24/17 09:27,107,11,135,830,21,15
06/24/17 09:27,159,25,65,654,87,1
06/24/17 09:27,21,38,82,217,8,10
06/24/17 09:27,143,112,67,310,31,4
06/24/17 09:27,135,5,205,107,142,16
06/24/17 09:27,84,114,146,606,87,23
06/24/17 09:27,39,117,241,929,150,13
06/24/17 09:27,162,223,7,27,5,26
06/24/17 09:27,72,31,195,982,122,29
06/24/17 09:27,47,208,87,302,96,29
06/24/17 09:27,99,129,8,663,15,8
06/24/17 09:27,95,199,82,189,69,4
06/24/17 09:27,154,20,220,603,27,24
06/24/17 09:27,105,167,22,688,144,4
06/24/17 09:27,57,262,11,817,122,17
06/24/17 09:27,143,105,3,479,96,9
06/24/17 09:27,2,259,177,655,60,26
06/24/17 09:27,128,45,188,146,90,14
06/24/17 09:27,50,257,110,677,5,30
06/24/17 09:27,95,147,61,243,137,11
06/24/17 09:27,177,42,238,229,116,3
06/24/17 09:27,123,136,171,4,107,12
06/24/17 09:27,149,299,175,144,61,24
06/24/17 09:27,98,5,58,715,68,22
06/24/17 09:27,35,272,43,472,58,13
06/24/17 09:27,108,145,218,342,13,11
06/24/17 09:27,136,164,181,656,119,28
06/24/17 09:27,16,97,245,922,74,11
06/24/17 09:27,17,203,191,613,123,25
06/24/17 09:27,1,270,138,39,106,16
06/24/17 09:27,53,141,193,844,129,28
06/24/17 09:27,136,66,15,471,45,20
06/24/17 09:27,3,220,18,620,50,15
06/24/17 09:27,158,151,180,163,87,29
06/24/17 09:27,161,40,186,394,145,27
06/24/17 09:27,11,131,0,149,27,8
06/24/17 09:27,32,31,146,0,70,24
06/24/17 09:27,93,79,166,74,136,4
06/24/17 09:27,166,25,14,347,101,15
06/24/17 09:27,119,117,91,118,68,13
06/24/17 09:27,7,84,249,288,134,14
06/24/17 09:27,14,164,179,1000,93,14
06/24/17 09:27,123,46,25,721,108,22
06/24/17 09:27,160,122,154,953,129,7
06/24/17 09:27,12,48,7,423,77,5
06/24/17 09:27,91,148,138,161,106,12
06/24/17 09:27,38,173,183,573,130,2
06/24/17 09:27,151,32,90,972,7,1
06/24/17 09:27,38,111,134,340,26,2
06/24/17 09:27,164,227,24,843,10,14
06/24/17 09:27,24,205,203,454,120,24
06/24/17 09:27,100,105,68,539,126,16
06/24/17 09:27,63,147,115,809,18,17
06/24/17 09:27,99,222,229,287,8,1
06/24/17 09:27,84,213,230,105,8,19
06/24/17 09:27,57,21,85,14,103,27
06/24/17 09:27,42,23,17,387,150,18
06/24/17 09:27,185,225,169,680,63,17
06/24/17 09:27,89,203,54,359,136,25
06/24/17 09:27,108,115,234,111,8,9
06/24/17 09:27,95,73,183,794,71,11
06/24/17 09:27,159,144,6,52,97,20
06/24/17 09:27,119,215,51,584,4,12
06/24/17 09:27,6,156,162,674,38,26
06/24/17 09:27,20,65,150,884,13,14
06/24/17 09:27,53,256,218,702,77,22
06/24/17 09:27,115,47,155,232,105,21
06/24/17 09:27,18,261,193,37,11,14
06/24/17 09:27,60,146,87,309,93,19
06/24/17 09:27,194,182,219,710,103,12
06/24/17 09:27,141,236,203,302,146,26
06/24/17 09:27,31,121,144,306,104,14
06/24/17 09:27,86,214,44,192,85,15
06/24/17 09:27,137,239,229,319,26,3
06/24/17 09:27,192,291,58,726,72,13
06/24/17 09:27,144,274,181,551,141,30
06/24/17 09:27,21,5,235,243,112,25
06/24/17 09:27,93,59,149,880,123,14
06/24/17 09:27,121,11,235,781,77,19
06/24/17 09:27,16,251,210,270,50,6
06/24/17 09:27,64,189,136,347,83,17
06/24/17 09:27,68,239,57,386,101,5
06/24/17 09:27,188,214,131,217,112,2
06/24/17 09:27,186,269,242,781,86,21
06/24/17 09:27,119,89,153,73,89,20
06/24/17 09:27,18,120,238,544,93,4
06/24/17 09:27,3,282,122,362,109,30
06/24/17 09:27,53,147,98,184,113,24
06/24/17 09:27,7,264,13,767,88,2
06/24/17 09:27,140,294,42,73,122,17
06/24/17 09:27,173,93,123,520,32,22
06/24/17 09:27,77,12,129,697,103,9
06/24/17 09:27,40,212,200,554,39,14
06/24/17 09:27,162,190,153,82,99,5
06/24/17 09:27,25,205,176,43,146,25
06/24/17 09:27,189,17,20,168,146,14
06/24/17 09:27,55,39,128,109,142,5
06/24/17 09:27,54,230,180,467,116,9
06/24/17 09:27,168,234,52,150,50,22
06/24/17 09:27,90,293,237,613,147,25
06/24/17 09:27,61,111,39,837,66,4
06/24/17 09:27,131,238,32,266,138,6
06/24/17 09:27,82,184,81,800,130,11
06/24/17 09:27,154,49,68,452,96,13
06/24/17 09:27,197,83,49,953,123,1
06/24/17 09:27,152,16,25,247,148,25
06/24/17 09:27,138,5,236,510,137,7
06/24/17 09:27,183,185,113,797,94,12
06/24/17 09:27,148,134,232,934,94,1
06/24/17 09:27,62,171,52,734,105,1
06/24/17 09:27,186,60,184,614,129,14
06/24/17 09:27,120,62,72,359,112,24
06/24/17 09:27,164,96,10,487,111,18
06/24/17 09:27,179,239,54,751,120,22
06/24/17 09:27,181,135,210,922,126,22
06/24/17 09:27,68,240,149,56,124,14
06/24/17 09:27,97,164,20,71,13,8
06/24/17 09:27,51,154,226,618,80,26
06/24/17 09:27,199,94,62,730,74,16
06/24/17 09:27,136,59,98,31,113,24
06/24/17 09:27,104,261,76,909,140,13
06/24/17 09:27,31,143,222,844,25,26
06/24/17 09:27,0,110,100,390,139,11
06/24/17 09:27,182,193,195,110,0,18
06/24/17 09:27,48,153,98,203,42,6
06/24/17 09:27,14,40,47,215,71,9
06/24/17 09:27,18,49,50,319,98,11
06/24/17 09:27,6,229,5,154,100,11
06/24/17 09:27,142,25,245,817,8,7
06/24/17 09:27,21,30,210,273,79,12
06/24/17 09:27,68,265,241,623,126,24
06/24/17 09:27,139,174,124,258,38,6
06/24/17 09:27,94,103,145,919,25,22
06/24/17 09:27,3,98,152,315,25,29
06/24/17 09:27,176,164,218,928,125,23
06/24/17 09:27,69,102,197,461,95,26
06/24/17 09:27,73,184,39,16,26,29
06/24/17 09:27,153,64,228,474,82,3
06/24/17 09:27,164,123,248,537,17,16
06/24/17 09:27,133,172,219,707,26,4
06/24/17 09:27,123,61,194,536,16,17
06/24/17 09:27,109,84,8,838,16,15
06/24/17 09:27,127,118,36,453,128,29
06/24/17 09:27,45,6,204,400,12,11
06/24/17 09:27,178,40,52,410,128,2
06/24/17 09:27,14,46,42,190,0,25
06/24/17 09:27,44,201,157,144,140,15
06/24/17 09:27,51,52,158,772,117,13
06/24/17 09:27,22,150,53,236,8,23
06/24/17 09:27,99,232,29,487,100,13
06/24/17 09:27,30,158,122,969,126,22
06/24/17 09:27,113,126,204,160,77,12
06/24/17 09:27,138,48,154,728,53,18
06/24/17 09:27,193,233,25,161,143,21
06/24/17 09:27,81,227,60,611,48,26
06/24/17 09:27,94,297,68,553,50,11
06/24/17 09:27,97,190,221,187,18,17
06/24/17 09:27,66,233,1,103,4,6
06/24/17 09:27,163,9,36,942,41,18
06/24/17 09:27,192,78,246,315,22,22
06/24/17 09:27,125,5,116,93,114,16
06/24/17 09:27,61,198,199,313,33,26
06/24/17 09:27,174,254,160,960,99,14
06/24/17 09:27,112,2,186,878,39,21
06/24/17 09:27,145,265,230,921,115,19
06/24/17 09:27,51,25,221,672,47,18
06/24/17 09:27,107,283,17,548,143,15
06/24/17 09:27,44,132,70,869,3,13
06/24/17 09:27,119,15,182,217,56,27
06/24/17 09:27,8,201,55,604,132,21
06/24/17 09:27,13,198,52,814,14,30
06/24/17 09:27,140,1,238,586,45,17
06/24/17 09:27,126,173,158,408,88,24
06/24/17 09:27,128,297,197,291,106,8
06/24/17 09:27,36,239,201,686,16,16
06/24/17 09:27,165,22,7,675,45,9
06/24/17 09:27,84,9,215,106,49,30
06/24/17 09:27,125,106,37,813,0,20
06/24/17 09:27,69,199,205,291,79,19
06/24/17 09:27,11,261,98,420,75,16
06/24/17 09:27,17,196,96,620,88,10
06/24/17 09:27,82,39,132,576,130,7
06/24/17 09:27,94,112,166,609,25,15
06/24/17 09:27,181,247,191,136,57,28
06/24/17 09:27,91,208,213,779,46,8
06/24/17 09:27,1,96,172,517,18,4
06/24/17 09:27,182,133,123,718,93,12
06/24/17 09:27,100,290,242,69,37,3
06/24/17 09:27,95,151,250,638,69,11
06/24/17 09:27,29,69,162,574,31,24
06/24/17 09:27,91,34,219,208,128,14
06/24/17 09:27,184,98,33,177,67,28
06/24/17 09:27,163,221,182,919,139,6
06/24/17 09:27,34,166,109,82,5,16
06/24/17 09:27,31,281,234,354,108,5
06/24/17 09:27,176,109,145,904,61,12
06/24/17 09:27,133,268,235,801,64,8
06/24/17 09:27,31,61,198,491,120,11
06/24/17 09:27,71,41,153,141,35,3
06/24/17 09:27,9,199,185,222,150,13
06/24/17 09:27,5,137,60,108,90,29
06/24/17 09:27,86,101,119,811,66,18
06/24/17 09:27,57,100,225,280,147,25
06/24/17 09:27,188,100,159,771,139,17
06/24/17 09:27,13,22,85,137,146,18
06/24/17 09:27,172,138,107,46,121,29
06/24/17 09:27,144,51,64,955,20,15
06/24/17 09:27,44,289,79,428,119,5
06/24/17 09:27,159,112,20,457,15,11
06/24/17 09:27,26,17,52,729,7,12
06/24/17 09:27,45,87,37,839,63,10
06/24/17 09:27,31,156,64,429,75,21
06/24/17 09:27,27,34,17,70,110,13
06/24/17 09:27,175,240,64,989,27,1
06/24/17 09:27,177,280,187,103,51,6
06/24/17 09:27,123,287,239,844,3,2
06/24/17 09:27,85,109,99,662,18,15
06/24/17 09:27,65,201,204,253,142,16
06/24/17 09:27,49,47,117,392,64,19
06/24/17 09:27,6,4,93,295,0,9
06/24/17 09:27,72,242,137,783,30,22
06/24/17 09:27,24,162,81,350,101,20
06/24/17 09:27,137,43,61,986,72,12
06/24/17 09:27,121,30,228,220,78,2
06/24/17 09:27,92,285,44,441,9,14
06/24/17 09:27,148,38,19,581,26,22
06/24/17 09:27,164,110,59,449,11,15
06/24/17 09:27,146,20,2,6,57,9
06/24/17 09:27,188,133,79,892,14,12
06/24/17 09:27,172,225,206,429,20,17
06/24/17 09:27,129,69,65,316,94,14
06/24/17 09:27,82,34,10,422,113,18
06/24/17 09:27,183,295,1,306,77,17
06/24/17 09:27,113,50,50,452,114,4
06/24/17 09:27,132,209,87,165,86,1
06/24/17 09:27,112,83,1,266,80,1
06/24/17 09:27,29,295,125,716,65,15
06/24/17 09:27,172,100,160,443,101,29
06/24/17 09:27,149,210,37,254,21,16
06/24/17 09:27,17,31,64,108,56,15
06/24/17 09:27,34,7,196,57,112,9
06/24/17 09:27,129,279,97,303,113,4
06/24/17 09:27,53,127,25,696,28,14
06/24/17 09:27,74,274,197,207,147,7
06/24/17 09:27,161,0,249,755,34,24
06/24/17 09:27,167,285,195,210,30,22
06/24/17 09:27,54,148,220,338,7,21
06/24/17 09:27,97,292,83,957,17,27
06/24/17 09:27,99,39,42,585,44,26
06/24/17 09:27,41,111,44,294,17,29
06/24/17 09:27,33,146,40,464,42,1
06/24/17 09:27,139,49,223,324,142,10
06/24/17 09:27,124,223,191,652,136,12
06/24/17 09:27,117,200,40,931,41,28
06/24/17 09:27,36,257,194,9,100,29
06/24/17 09:27,26,273,127,133,37,19
06/24/17 09:27,105,124,31,543,49,22
06/24/17 09:27,82,40,150,931,69,2
06/24/17 09:27,71,5,205,259,55,2
06/24/17 09:27,66,11,116,480,0,17
06/24/17 09:27,64,26,120,187,99,11
06/24/17 09:27,16,274,165,918,84,17
06/24/17 09:27,50,2,154,591,32,15
06/24/17 09:27,75,278,202,7,94,25
06/24/17 09:27,61,66,224,733,111,5
06/24/17 09:27,33,140,23,386,84,27
06/24/17 09:27,14,194,60,308,17,12
06/24/17 09:27,99,236,55,444,120,24
06/24/17 09:27,169,264,180,688,0,17
06/24/17 09:27,174,160,23,457,18,5
06/24/17 09:27,58,33,231,792,114,30
06/24/17 09:27,181,287,194,71,126,17
06/24/17 09:27,179,198,193,866,52,20
06/24/17 09:27,76,259,11,914,56,29
06/24/17 09:27,71,56,195,63,118,18
06/24/17 09:27,9,131,95,22,24,15
06/24/17 09:27,181,16,206,783,5,19
06/24/17 09:27,37,32,182,430,122,12
06/24/17 09:27,128,219,39,912,110,8
06/24/17 09:27,99,270,243,266,130,14
06/24/17 09:27,199,161,77,300,135,20
06/24/17 09:27,105,289,88,215,115,11
06/24/17 09:27,16,261,86,893,79,29
06/24/17 09:27,177,5,117,921,21,20
06/24/17 09:27,178,122,162,792,66,28
06/24/17 09:27,38,100,142,568,138,3
06/24/17 09:27,79,176,82,280,6,29
06/24/17 09:27,117,84,212,390,73,30
06/24/17 09:27,127,53,39,737,18,18
06/24/17 09:27,18,18,189,390,53,4
06/24/17 09:27,199,17,243,774,1,27
06/24/17 09:27,127,242,32,106,88,29
06/24/17 09:27,181,170,247,47,41,14
06/24/17 09:27,152,169,108,366,14,12
06/24/17 09:27,11,222,79,505,26,16
06/24/17 09:27,24,202,43,275,96,10
06/24/17 09:27,55,106,113,506,147,9
06/24/17 09:27,179,107,227,49,108,21
06/24/17 09:27,32,290,119,687,135,25
06/24/17 09:27,18,291,77,182,97,8
06/24/17 09:27,43,190,165,972,69,17
06/24/17 09:27,4,300,128,185,35,14
06/24/17 09:27,148,70,121,370,114,28
06/24/17 09:27,129,85,204,115,134,11
06/24/17 09:27,24,36,30,550,125,5
06/24/17 09:27,126,16,86,160,134,7
06/24/17 09:27,21,156,11,544,89,25
06/24/17 09:27,40,150,147,191,3,26
06/24/17 09:27,70,36,17,607,112,28
06/24/17 09:27,68,157,158,393,8,8
06/24/17 09:27,156,194,82,944,13,1
06/24/17 09:27,200,243,11,133,80,29
06/24/17 09:27,172,169,115,439,87,20
06/24/17 09:27,94,25,23,18,84,7
06/24/17 09:27,198,37,135,370,46,25
06/24/17 09:27,197,12,129,512,124,2
06/24/17 09:27,152,161,57,750,8,27
06/24/17 09:27,154,235,13,637,1,24
06/24/17 09:27,111,284,195,964,84,13
06/24/17 09:27,135,226,199,364,42,3
06/24/17 09:27,108,123,79,307,137,1
06/24/17 09:27,129,141,225,854,130,16
06/24/17 09:27,131,20,219,455,27,21
06/24/17 09:27,179,161,181,814,48,14
06/24/17 09:27,156,56,80,480,32,10
06/24/17 09:27,0,52,79,210,1,21
06/24/17 09:27,23,125,150,544,29,11
06/24/17 09:27,198,44,15,757,103,9
06/24/17 09:27,74,277,241,559,52,23
06/24/17 09:27,11,59,0,223,147,21
06/24/17 09:27,4,239,25,526,14,7
06/24/17 09:27,147,83,163,814,115,11
06/24/17 09:27,98,204,106,847,60,9
06/24/17 09:27,102,66,204,955,47,23
06/24/17 09:27,32,17,63,266,98,13
06/24/17 09:27,199,73,43,821,69,18
06/24/17 09:27,157,112,133,719,121,14
06/24/17 09:27,181,127,43,164,41,30
06/24/17 09:27,33,139,7,310,2,20
06/24/17 09:27,52,238,34,724,105,9
06/24/17 09:27,164,253,111,215,75,19
06/24/17 09:27,81,191,144,615,137,7
06/24/17 09:27,115,243,12,736,86,5
06/24/17 09:27,189,138,66,113,104,13
06/24/17 09:27,123,152,106,910,83,6
06/24/17 09:27,199,196,106,12,73,29
06/24/17 09:27,1,213,24,247,40,15
06/24/17 09:27,199,129,192,827,0,17
06/24/17 09:27,63,122,242,924,28,8
06/24/17 09:27,187,196,58,792,122,22
06/24/17 09:27,92,277,228,516,71,27
06/24/17 09:27,114,267,25,591,128,6
06/24/17 09:27,142,271,26,747,49,20
06/24/17 09:27,120,211,155,109,124,17
06/24/17 09:27,127,30,149,649,49,3
06/24/17 09:27,29,293,222,976,1,2
06/24/17 09:27,6,199,242,938,37,25
06/24/17 09:27,57,54,11,844,104,6
06/24/17 09:27,17,252,169,293,22,4
06/24/17 09:27,34,149,240,450,45,17
06/24/17 09:27,200,108,163,640,78,20
06/24/17 09:27,139,275,179,435,5,29
06/24/17 09:27,185,163,216,561,111,3
06/24/17 09:27,152,153,98,474,10,14
06/24/17 09:27,137,98,86,225,79,24
06/24/17 09:27,42,225,20,135,87,6
06/24/17 09:27,76,206,9,968,26,18
06/24/17 09:27,53,155,151,643,145,4
06/24/17 09:27,13,139,207,280,28,28
06/24/17 09:27,44,224,192,475,141,24
06/24/17 09:27,20,135,175,5,25,3
06/24/17 09:27,104,67,217,303,71,3
06/24/17 09:27,31,188,99,59,52,7
06/24/17 09:27,183,163,177,133,8,26
06/24/17 09:27,9,115,138,551,53,8
06/24/17 09:27,57,234,107,89,125,29
06/24/17 09:27,149,263,152,399,9,9
06/24/17 09:27,85,78,20,526,122,2
06/24/17 09:27,191,191,184,157,61,11
06/24/17 09:27,68,257,219,7,93,25
06/24/17 09:27,102,94,61,409,105,1
06/24/17 09:27,177,192,130,120,36,1
06/24/17 09:27,36,269,26,154,0,4
06/24/17 09:27,90,137,142,726,120,15
06/24/17 09:27,119,66,123,911,92,12
06/24/17 09:27,58,265,246,988,22,12
06/24/17 09:27,173,29,206,813,54,11
06/24/17 09:27,104,50,129,365,67,15
06/24/17 09:27,196,4,234,998,28,13
06/24/17 09:27,133,51,189,391,128,6
06/24/17 09:27,3,127,108,450,95,14
06/24/17 09:27,141,257,159,213,111,12
06/24/17 09:27,46,71,138,658,123,30
06/24/17 09:27,138,237,114,312,76,17
06/24/17 09:27,25,152,215,870,17,21
06/24/17 09:27,102,205,105,707,132,13
06/24/17 09:27,98,208,15,32,59,10
06/24/17 09:27,159,241,6,807,10,6
06/24/17 09:27,143,192,1,685,76,4
06/24/17 09:27,4,48,9,409,9,25
06/24/17 09:27,198,272,14,294,90,7
06/24/17 09:27,149,19,160,273,146,13
06/24/17 09:27,192,79,97,514,36,23
06/24/17 09:27,84,166,175,689,114,17
06/24/17 09:27,150,86,232,825,5,21
06/24/17 09:27,85,280,198,844,41,24
06/24/17 09:27,44,121,135,637,82,20
06/24/17 09:27,60,44,158,448,76,15
06/24/17 09:27,110,58,64,166,69,24
06/24/17 09:27,56,140,203,832,124,29
06/24/17 09:27,20,104,199,854,9,27
06/24/17 09:27,4,238,4,395,97,29
06/24/17 09:27,33,59,243,141,88,7
06/24/17 09:27,62,62,195,110,24,21
06/24/17 09:27,59,287,127,599,9,9
06/24/17 09:27,62,118,229,216,120,19
06/24/17 09:27,186,198,119,768,53,1
06/24/17 09:27,126,119,77,138,18,4
06/24/17 09:27,34,272,4,45,12,5
06/24/17 09:27,110,32,192,631,123,21
06/24/17 09:27,53,150,227,767,104,16
06/24/17 09:27,124,96,94,36,35,11
06/24/17 09:27,74,82,10,120,143,12
06/24/17 09:27,167,199,116,649,18,19
06/24/17 09:27,90,98,29,342,37,23
06/24/17 09:27,115,225,158,454,89,19
06/24/17 09:27,170,172,78,935,103,7
06/24/17 09:27,100,10,63,497,6,22
06/24/17 09:27,68,62,207,340,129,5
06/24/17 09:27,73,127,236,326,43,16
06/24/17 09:27,139,120,197,366,61,20
06/24/17 09:27,138,245,66,956,51,20
06/24/17 09:27,156,63,209,112,59,15
06/24/17 09:27,77,79,224,468,15,27
06/24/17 09:27,57,69,151,68,53,9
06/24/17 09:27,20,281,33,591,21,8
06/24/17 09:27,85,117,65,629,18,6
06/24/17 09:27,3,260,34,485,125,3
06/24/17 09:27,178,158,133,422,8,4
06/24/17 09:27,184,101,40,960,87,20
06/24/17 09:27,76,280,207,805,33,22
06/24/17 09:27,47,256,15,58,40,6
06/24/17 09:27,127,13,112,265,72,26
06/24/17 09:27,127,131,96,907,100,11
06/24/17 09:27,118,40,52,371,77,29
06/24/17 09:27,130,126,12,670,45,14
06/24/17 09:27,9,196,250,20,7,7
06/24/17 09:27,185,91,47,125,129,25
06/24/17 09:27,105,43,207,31,13,21
06/24/17 09:27,9,194,35,18,30,26
06/24/17 09:27,193,93,93,120,69,21
06/24/17 09:27,20,223,238,231,7,20
06/24/17 09:27,195,176,130,901,54,12
06/24/17 09:27,120,270,141,88,41,27
06/24/17 09:27,154,202,47,522,61,19
06/24/17 09:27,77,86,98,426,0,13
06/24/17 09:27,151,254,144,40,30,15
06/24/17 09:27,122,257,18,83,132,9
06/24/17 09:27,40,81,17,770,108,19
06/24/17 09:27,95,61,227,399,123,13
06/24/17 09:27,81,194,92,240,128,13
06/24/17 09:27,128,67,240,57,16,26
06/24/17 09:27,159,155,226,403,63,25
06/24/17 09:27,52,121,59,170,8,15
06/24/17 09:27,34,111,89,6,14,6
06/24/17 09:27,91,59,225,752,8,10
06/24/17 09:27,87,291,125,275,7,7
06/24/17 09:27,159,249,40,383,69,12
06/24/17 09:27,3,0,59,857,53,15
06/24/17 09:27,200,142,8,967,90,16
06/24/17 09:27,77,205,47,776,22,18
06/24/17 09:27,13,167,49,390,95,21
06/24/17 09:27,122,130,133,134,115,25
06/24/17 09:27,104,165,38,302,74,29
06/24/17 09:27,63,254,117,819,64,16
06/24/17 09:27,57,182,246,344,94,23
06/24/17 09:27,7,48,10,725,53,7
06/24/17 09:27,187,106,21,609,30,24
06/24/17 09:27,106,166,127,765,38,20
06/24/17 09:27,186,157,126,977,145,7
06/24/17 09:27,124,230,43,75,52,21
06/24/17 09:27,103,53,136,888,58,24
06/24/17 09:27,191,7,41,157,16,15
06/24/17 09:27,40,188,211,398,39,14
06/24/17 09:27,139,272,95,911,74,3
06/24/17 09:27,180,99,41,925,48,16
06/24/17 09:27,46,125,210,463,141,19
06/24/17 09:27,135,85,150,549,15,8
06/24/17 09:27,97,248,94,185,85,21
06/24/17 09:27,54,51,170,861,42,19
06/24/17 09:27,92,115,125,548,94,8
06/24/17 09:27,54,283,32,554,67,26
06/24/17 09:27,2,220,245,895,70,2
06/24/17 09:27,142,168,188,682,145,18
06/24/17 09:27,176,159,227,396,51,20
06/24/17 09:27,141,138,53,449,147,15
06/24/17 09:27,21,126,249,779,30,5
06/24/17 09:27,10,240,225,347,53,6
06/24/17 09:27,162,6,93,764,16,23
06/24/17 09:27,125,253,77,604,149,27
06/24/17 09:27,118,271,224,136,66,18
06/24/17 09:27,78,147,184,552,104,30
06/24/17 09:27,186,142,249,702,3,13
06/24/17 09:27,169,117,78,267,13,7
06/24/17 09:27,193,198,46,238,0,4
06/24/17 09:27,38,201,227,260,70,26
06/24/17 09:27,126,125,177,704,109,19
06/24/17 09:27,149,64,143,194,4,29
06/24/17 09:27,72,79,83,735,64,13
06/24/17 09:27,13,289,99,6,134,28
06/24/17 09:27,144,143,210,185,123,30
06/24/17 09:27,82,13,194,160,28,26
06/24/17 09:27,53,182,221,128,21,23
06/24/17 09:27,65,273,4,410,81,9
06/24/17 09:27,50,93,73,538,77,9
06/24/17 09:27,66,174,239,35,68,24
06/24/17 09:27,183,190,59,469,71,21
06/24/17 09:27,11,94,180,165,65,8
06/24/17 09:27,139,131,222,484,21,29
06/24/17 09:27,134,116,115,581,24,15
06/24/17 09:27,191,258,2,591,108,11
06/24/17 09:27,162,205,57,71,43,9
06/24/17 09:27,77,264,187,207,32,5
06/24/17 09:27,97,166,17,101,52,5
06/24/17 09:27,22,56,23,722,117,4
06/24/17 09:27,2,293,109,108,92,6
06/24/17 09:27,32,99,65,250,31,4
06/24/17 09:27,155,217,63,507,80,26
06/24/17 09:27,87,245,220,408,118,28
06/24/17 09:27,121,156,11,10,144,5
06/24/17 09:27,65,204,71,67,16,17
06/24/17 09:27,57,123,50,153,69,29
06/24/17 09:27,117,216,65,109,29,19
06/24/17 09:27,167,50,213,736,92,19
06/24/17 09:27,152,196,124,340,6,13
06/24/17 09:27,127,19,111,176,50,28
06/24/17 09:27,19,79,160,824,127,12
06/24/17 09:27,114,211,214,261,24,30
06/24/17 09:27,91,16,123,901,105,28
06/24/17 09:27,176,1,37,733,67,25
06/24/17 09:27,179,149,242,583,146,23
06/24/17 09:27,162,172,213,806,72,7
06/24/17 09:27,162,288,233,869,49,27
06/24/17 09:27,19,184,163,417,61,4
06/24/17 09:27,136,76,208,441,139,9
06/24/17 09:27,195,245,105,979,105,28
06/24/17 09:27,42,169,81,305,36,25
06/24/17 09:27,125,47,29,362,12,14
06/24/17 09:27,21,258,122,294,32,22
06/24/17 09:27,52,191,0,788,130,1
06/24/17 09:27,162,269,29,440,67,30
06/24/17 09:27,188,240,32,449,136,23
06/24/17 09:27,46,284,158,896,65,25
06/24/17 09:27,108,89,248,930,38,26
06/24/17 09:27,89,7,104,268,17,3
06/24/17 09:27,57,20,19,461,149,10
06/24/17 09:27,140,73,106,967,78,27
06/24/17 09:27,139,278,232,404,132,17
06/24/17 09:27,171,259,13,498,122,11
06/24/17 09:27,66,110,63,928,41,14
06/24/17 09:27,14,0,206,585,130,19
06/24/17 09:27,158,89,124,142,5,5
06/24/17 09:27,121,110,150,293,74,14
06/24/17 09:27,12,142,49,588,6,12
06/24/17 09:27,133,80,124,592,86,7
06/24/17 09:27,172,155,194,540,128,5
06/24/17 09:27,168,253,209,818,11,5
06/24/17 09:27,149,285,50,180,67,15
06/24/17 09:27,11,65,234,243,29,6
06/24/17 09:27,82,168,164,494,18,15
06/24/17 09:27,111,181,158,587,76,17
06/24/17 09:27,49,166,153,229,110,22
06/24/17 09:27,76,121,222,180,117,14
06/24/17 09:27,157,287,137,17,106,19
06/24/17 09:27,145,291,1,639,17,12
06/24/17 09:27,145,275,75,398,74,27
06/24/17 09:27,113,61,91,467,40,16
06/24/17 09:27,156,246,170,174,99,1
06/24/17 09:27,199,255,141,560,15,9
06/24/17 09:27,152,169,196,867,140,11
06/24/17 09:27,183,23,150,328,130,1
06/24/17 09:27,80,5,168,317,125,26
06/24/17 09:27,42,28,67,542,111,19
06/24/17 09:27,12,92,10,520,58,21
06/24/17 09:27,143,72,101,945,104,26
06/24/17 09:27,120,139,124,849,65,10
06/24/17 09:27,157,292,158,254,77,9
06/24/17 09:27,63,203,61,92,92,14
06/24/17 09:27,35,110,192,10,130,17
06/24/17 09:27,71,0,226,764,76,8
06/24/17 09:27,104,232,72,209,144,20
06/24/17 09:27,124,92,72,66,28,22
06/24/17 09:27,19,52,221,580,65,23
06/24/17 09:27,149,99,164,605,61,28
06/24/17 09:27,27,20,192,506,5,25
06/24/17 09:27,90,238,204,232,74,9
06/24/17 09:27,37,219,112,250,60,29
06/24/17 09:27,3,190,198,360,66,27
06/24/17 09:27,123,177,153,61,102,25
