06/24/17 09:27,127,142,195,909,20,12
06/24/17 09:27,11,233,129,138,142,18
06/24/17 09:27,5,54,123,239,142,30
06/24/17 09:27,128,14,242,169,15,6
06/24/17 09:27,37,271,250,632,19,14
06/24/17 09:27,68,205,170,673,113,27
06/24/17 09:27,16,196,148,44,115,20
06/24/17 09:27,35,97,245,773,107,18
06/24/17 09:27,156,210,25,647,85,29
06/24/17 09:27,80,221,83,214,103,25
06/24/17 09:27,121,45,43,851,27,24
06/24/17 09:27,2,216,24,566,107,3
06/24/17 09:27,43,267,150,491,146,20
06/24/17 09:27,157,1,198,40,111,5
06/24/17 09:27,125,192,23,668,108,4
06/24/17 09:27,54,182,169,644,0,9
06/24/17 09:27,66,194,245,994,15,9
06/24/17 09:27,173,51,134,482,56,24
06/24/17 09:27,67,58,54,897,115,27
06/24/17 09:27,102,96,107,251,92,21
06/24/17 09:27,46,235,111,201,27,20
06/24/17 09:27,10,188,168,273,28,28
06/24/17 09:27,180,30,59,275,55,1
06/24/17 09:27,29,133,41,743,146,23
06/24/17 09:27,178,50,218,387,12,5
06/24/17 09:27,55,84,110,162,39,8
06/24/17 09:27,86,250,90,650,89,15
06/24/17 09:27,166,87,139,997,25,11
06/24/17 09:27,111,70,41,462,39,17
06/24/17 09:27,181,13,119,922,96,18
06/24/17 09:27,149,140,216,353,41,22
06/24/17 09:27,91,157,160,129,132,21
06/24/17 09:27,165,157,198,83,148,26
06/24/17 09:27,106,104,90,932,70,3
06/24/17 09:27,131,273,105,855,6,7
06/24/17 09:27,13,289,92,874,123,17
06/24/17 09:27,29,130,244,53,57,3
06/24/17 09:27,44,4,126,661,95,16
06/24/17 09:27,83,298,104,710,122,21
06/24/17 09:27,33,78,31,211,144,18
06/24/17 09:27,39,92,95,566,84,15
06/24/17 09:27,187,122,239,392,31,20
06/24/17 09:27,42,173,182,470,109,18
06/24/17 09:27,75,138,73,525,124,26
06/24/17 09:27,174,180,67,639,130,24
06/24/17 09:27,124,200,221,463,112,8
06/24/17 09:27,35,140,195,159,137,21
06/24/17 09:27,28,285,231,473,73,2
06/24/17 09:27,101,190,135,674,142,22
06/24/17 09:27,184,235,3,259,33,16
06/24/17 09:27,31,207,192,896,105,22
06/24/17 09:27,175,107,157,449,62,28
06/24/17 09:27,5,146,125,173,96,9
06/24/17 09:27,96,299,22,521,94,26
06/24/17 09:27,51,185,94,891,76,8
06/24/17 09:27,111,282,110,957,3,11
06/24/17 09:27,109,221,38,998,143,10
06/24/17 09:27,134,153,188,796,0,8
06/24/17 09:27,21,59,72,830,55,10
06/24/17 09:27,6,99,44,330,12,27
06/24/17 09:27,82,253,190,450,41,10
06/24/17 09:27,76,252,108,197,128,14
06/24/17 09:27,105,117,92,932,75,28
06/24/17 09:27,28,213,205,808,144,29
06/24/17 09:27,75,174,152,904,121,10
06/24/17 09:27,20,251,64,480,150,25
06/24/17 09:27,142,277,17,420,5,20
06/24/17 09:27,54,16,52,668,40,29
06/24/17 09:27,18,273,191,502,147,22
06/24/17 09:27,154,148,1,838,116,13
06/24/17 09:27,146,245,149,200,55,21
06/24/17 09:27,185,141,119,864,137,19
06/24/17 09:27,44,211,107,658,23,14
06/24/17 09:27,85,193,111,524,74,22
06/24/17 09:27,155,248,105,113,17,6
06/24/17 09:27,184,95,54,986,56,5
06/24/17 09:27,100,234,71,172,33,4
06/24/17 09:27,135,241,189,547,122,17
06/24/17 09:27,73,94,143,532,86,24
06/24/17 09:27,17,268,208,100,117,17
06/24/17 09:27,85,69,174,656,111,10
06/24/17 09:27,59,155,235,454,138,5
06/24/17 09:27,58,145,185,186,106,26
06/24/17 09:27,44,69,238,320,135,29
06/24/17 09:27,2,169,175,122,133,4
06/24/17 09:27,13,113,240,471,23,26
06/24/17 09:27,83,127,226,430,67,25
06/24/17 09:27,132,11,190,795,134,9
06/24/17 09:27,72,34,75,22,90,30
06/24/17 09:27,166,36,160,30,17,14
06/24/17 09:27,26,112,100,583,21,16
06/24/17 09:27,154,129,242,482,131,27
06/24/17 09:27,11,38,179,621,141,26
06/24/17 09:27,85,120,25,760,43,23
06/24/17 09:27,103,230,145,426,137,16
06/24/17 09:27,198,261,131,937,67,30
06/24/17 09:27,0,82,178,95,21,22
06/24/17 09:27,130,266,178,736,53,16
06/24/17 09:27,19,85,185,619,59,26
06/24/17 09:27,18,242,137,994,113,26
06/24/17 09:27,110,24,2,44,85,2
06/24/17 09:27,184,184,67,874,54,28
06/24/17 09:27,135,182,24,491,42,28
06/24/17 09:27,25,194,4,10,80,7
06/24/17 09:27,146,281,98,579,50,18
06/24/17 09:27,55,246,107,447,120,2
06/24/17 09:27,170,68,51,544,11,30
06/24/17 09:27,153,243,59,50,80,4
06/24/17 09:27,130,297,135,103,103,28
06/24/17 09:27,76,54,183,267,45,27
06/24/17 09:27,76,91,175,514,105,3
06/24/17 09:27,171,143,242,291,90,3
06/24/17 09:27,65,293,158,700,50,17
06/24/17 09:27,86,212,191,644,129,13
06/24/17 09:27,135,35,16,431,137,11
06/24/17 09:27,136,36,9,49,31,14
06/24/17 09:27,111,239,116,982,103,6
06/24/17 09:27,41,133,147,468,16,18
06/24/17 09:27,3,209,149,494,147,5
06/24/17 09:27,81,300,9,712,49,29
06/24/17 09:27,146,285,186,594,25,20
06/24/17 09:27,30,190,177,629,55,7
06/24/17 09:27,171,32,102,958,107,29
06/24/17 09:27,84,118,149,565,106,20
06/24/17 09:27,105,283,190,129,131,5
06/24/17 09:27,113,43,182,919,145,1
06/24/17 09:27,142,100,182,12,145,5
06/24/17 09:27,122,72,160,959,46,21
06/24/17 09:27,35,172,154,252,147,20
06/24/17 09:27,0,108,49,698,99,23
06/24/17 09:27,102,185,45,663,12,3
06/24/17 09:27,190,113,61,675,72,11
06/24/17 09:27,189,125,216,665,0,2
06/24/17 09:27,169,276,80,830,79,24
06/24/17 09:27,59,285,137,338,44,23
06/24/17 09:27,85,101,219,735,85,5
06/24/17 09:27,179,123,137,530,49,29
06/24/17 09:27,164,157,174,44,79,20
06/24/17 09:27,115,29,101,652,64,8
06/24/17 09:27,139,3,124,86,73,12
06/24/17 09:27,113,298,65,88,148,22
06/24/17 09:27,123,25,85,760,86,26
06/24/17 09:27,172,13,168,21,145,18
06/24/17 09:27,108,277,208,673,121,21
06/24/17 09:27,110,183,62,325,40,5
06/24/17 09:27,74,195,20,312,141,19
06/24/17 09:27,67,42,163,188,142,19
06/24/17 09:27,159,24,228,424,35,20
06/24/17 09:27,99,88,214,525,13,9
06/24/17 09:27,100,59,122,381,72,26
06/24/17 09:27,177,202,60,257,26,13
06/24/17 09:27,82,59,161,278,75,16
06/24/17 09:27,175,203,105,912,101,27
06/24/17 09:27,90,147,77,702,48,13
06/24/17 09:27,37,298,129,695,4,10
06/24/17 09:27,84,294,110,618,76,3
06/24/17 09:27,29,109,142,65,88,3
06/24/17 09:27,194,170,109,535,122,12
06/24/17 09:27,167,64,184,848,12,9
06/24/17 09:27,16,117,31,281,56,14
06/24/17 09:27,92,178,173,667,80,17
06/24/17 09:27,121,50,241,992,130,24
06/24/17 09:27,89,116,12,979,37,11
06/24/17 09:27,152,290,163,775,8,2
06/24/17 09:27,32,189,173,298,8,30
06/24/17 09:27,84,254,38,431,10,28
06/24/17 09:27,186,282,187,92,142,29
06/24/17 09:27,20,282,6,751,150,3
06/24/17 09:27,107,12,143,626,16,29
06/24/17 09:27,118,62,232,363,27,30
06/24/17 09:27,195,290,29,937,60,25
06/24/17 09:27,175,185,233,672,22,13
06/24/17 09:27,125,62,142,783,12,23
06/24/17 09:27,84,121,92,776,66,16
06/24/17 09:27,117,44,58,326,59,5
06/24/17 09:27,184,244,164,762,54,8
06/24/17 09:27,185,2,6,600,140,11
06/24/17 09:27,82,177,62,558,133,7
06/24/17 09:27,113,229,99,667,140,21
06/24/17 09:27,26,245,201,48,89,6
06/24/17 09:27,186,50,74,997,97,27
06/24/17 09:27,23,80,233,866,50,26
06/24/17 09:27,66,78,137,238,42,18
06/24/17 09:27,18,16,190,543,40,9
06/24/17 09:27,171,191,164,457,149,9
06/24/17 09:27,171,188,231,621,18,28
06/24/17 09:27,166,91,160,619,84,21
06/24/17 09:27,200,270,109,729,0,29
06/24/17 09:27,156,261,243,545,133,2
06/24/17 09:27,196,53,170,508,103,29
06/24/17 09:27,47,84,199,185,99,19
06/24/17 09:27,189,204,87,990,118,8
06/24/17 09:27,154,118,32,888,11,17
06/24/17 09:27,138,275,139,915,150,3
06/24/17 09:27,12,291,242,820,17,16
06/24/17 09:27,149,110,14,257,109,11
06/24/17 09:27,181,126,194,4,37,8
06/24/17 09:27,138,3,108,21,88,21
06/24/17 09:27,199,145,8,820,69,4
06/24/17 09:27,11,139,25,382,56,22
06/24/17 09:27,172,117,33,911,129,9
06/24/17 09:27,160,260,203,365,128,7
06/24/17 09:27,130,99,173,448,125,17
06/24/17 09:27,140,226,85,650,33,15
06/24/17 09:27,0,93,96,20,21,16
06/24/17 09:27,99,30,167,748,17,28
06/24/17 09:27,147,176,71,270,81,11
06/24/17 09:27,111,281,128,722,102,17
06/24/17 09:27,88,51,138,898,82,26
06/24/17 09:27,51,282,187,390,150,21
06/24/17 09:27,2,211,217,704,26,29
06/24/17 09:27,84,176,148,847,25,17
06/24/17 09:27,4,187,9,981,79,20
06/24/17 09:27,155,125,168,775,110,16
06/24/17 09:27,13,113,172,953,86,9
06/24/17 09:27,57,117,51,839,132,22
06/24/17 09:27,194,288,117,59,125,28
06/24/17 09:27,74,200,109,248,114,15
06/24/17 09:27,102,215,241,306,1,9
06/24/17 09:27,2,252,43,648,79,2
06/24/17 09:27,168,277,242,34,121,6
06/24/17 09:27,76,130,173,279,122,2
06/24/17 09:27,72,121,48,16,99,17
06/24/17 09:27,136,55,212,948,138,2
06/24/17 09:27,114,3,234,991,51,19
06/24/17 09:27,143,257,216,726,124,3
06/24/17 09:27,90,138,131,730,92,13
06/24/17 09:27,93,278,113,126,115,8
06/24/17 09:27,178,78,124,26,133,25
06/24/17 09:27,92,242,214,47,79,18
06/24/17 09:27,116,60,107,308,29,30
06/24/17 09:27,131,140,104,571,96,8
06/24/17 09:27,17,133,41,840,96,28
06/24/17 09:27,174,45,14,200,79,13
06/24/17 09:27,46,190,117,35,5,14
06/24/17 09:27,166,207,242,636,10,29
06/24/17 09:27,59,280,206,535,63,3
06/24/17 09:27,168,265,24,652,18,19
06/24/17 09:27,60,227,70,862,131,7
06/24/17 09:27,175,97,119,305,112,10
06/24/17 09:27,121,189,28,439,110,2
06/24/17 09:27,139,112,110,949,134,5
06/24/17 09:27,114,199,230,580,22,15
06/24/17 09:27,161,220,63,561,34,30
06/24/17 09:27,36,230,159,203,115,24
06/24/17 09:27,48,87,82,970,65,13
06/24/17 09:27,144,282,143,331,127,27
06/24/17 09:27,0,13,2,613,37,18
06/24/17 09:27,64,167,92,452,0,27
06/24/17 09:27,178,138,70,708,135,7
06/24/17 09:27,53,8,224,310,138,3
06/24/17 09:27,116,0,243,664,70,26
06/24/17 09:27,90,17,180,674,28,16
06/24/17 09:27,198,193,70,434,120,20
06/24/17 09:27,147,68,110,649,53,5
06/24/17 09:27,159,9,45,515,27,27
06/24/17 09:27,16,44,122,401,65,16
06/24/17 09:27,50,91,217,442,102,1
06/24/17 09:27,92,30,153,266,8,3
06/24/17 09:27,113,67,110,254,34,20
06/24/17 09:27,52,237,211,842,40,30
06/24/17 09:27,183,230,30,903,63,24
06/24/17 09:27,176,13,87,983,66,1
06/24/17 09:27,25,287,53,661,26,27
06/24/17 09:27,45,86,89,106,29,1
06/24/17 09:27,173,12,87,960,58,1
06/24/17 09:27,132,156,115,312,120,4
06/24/17 09:27,67,174,18,849,119,17
06/24/17 09:27,131,22,205,252,42,6
06/24/17 09:27,122,261,135,148,54,16
06/24/17 09:27,187,238,135,516,2,26
06/24/17 09:27,95,292,217,223,78,10
06/24/17 09:27,136,185,23,797,38,1
06/24/17 09:27,152,148,122,245,144,17
06/24/17 09:27,114,134,228,93,98,6
06/24/17 09:27,139,168,2,2,129,21
06/24/17 09:27,179,5,86,207,48,29
06/24/17 09:27,70,197,217,63,146,30
06/24/17 09:27,195,176,58,319,75,7
06/24/17 09:27,110,275,59,849,79,20
06/24/17 09:27,187,99,167,741,56,13
06/24/17 09:27,39,21,164,308,21,20
06/24/17 09:27,100,48,246,644,25,16
06/24/17 09:27,149,229,163,400,102,3
06/24/17 09:27,24,281,89,814,18,29
06/24/17 09:27,170,252,180,799,115,27
06/24/17 09:27,154,42,155,281,138,8
06/24/17 09:27,107,168,6,854,11,6
06/24/17 09:27,178,24,168,700,138,5
06/24/17 09:27,116,48,225,592,41,23
06/24/17 09:27,180,70,211,754,148,28
06/24/17 09:27,86,140,202,795,140,4
06/24/17 09:27,156,181,63,363,31,27
06/24/17 09:27,39,173,17,16,109,29
06/24/17 09:27,138,238,101,816,31,20
06/24/17 09:27,190,159,67,65,91,22
06/24/17 09:27,112,110,97,87,146,7
06/24/17 09:27,97,241,150,56,52,19
06/24/17 09:27,116,248,182,922,77,2
06/24/17 09:27,95,154,191,123,44,10
06/24/17 09:27,197,219,218,119,31,18
06/24/17 09:27,90,38,109,736,12,23
06/24/17 09:27,200,84,71,936,60,26
06/24/17 09:27,35,235,36,554,112,8
06/24/17 09:27,59,288,220,596,11,19
06/24/17 09:27,165,90,7,666,42,16
06/24/17 09:27,198,202,188,968,3,21
06/24/17 09:27,28,238,163,643,0,6
06/24/17 09:27,4,11,149,394,11,22
06/24/17 09:27,81,26,78,413,101,17
06/24/17 09:27,41,3,223,187,44,15
06/24/17 09:27,167,121,22,532,141,14
06/24/17 09:27,145,182,43,305,63,8
06/24/17 09:27,139,71,190,209,129,13
06/24/17 09:27,36,274,201,36,66,29
06/24/17 09:27,127,256,132,551,131,29
06/24/17 09:27,5,21,216,952,99,19
06/24/17 09:27,147,44,124,705,19,15
06/24/17 09:27,143,91,168,17,145,9
06/24/17 09:27,15,161,175,742,135,4
06/24/17 09:27,36,0,104,740,94,6
06/24/17 09:27,64,115,112,81,68,2
06/24/17 09:27,48,76,137,760,69,18
06/24/17 09:27,22,28,16,400,107,17
06/24/17 09:27,100,48,205,422,90,4
06/24/17 09:27,200,97,129,573,60,28
06/24/17 09:27,127,97,189,816,31,16
06/24/17 09:27,125,67,164,98,44,28
06/24/17 09:27,15,242,229,66,64,17
06/24/17 09:27,163,248,82,873,102,2
06/24/17 09:27,73,258,116,816,78,10
06/24/17 09:27,147,228,16,306,39,16
06/24/17 09:27,44,88,28,654,109,29
06/24/17 09:27,143,131,69,637,107,19
06/24/17 09:27,7,234,159,662,147,8
06/24/17 09:27,27,137,180,208,21,9
06/24/17 09:27,36,49,46,118,23,24
06/24/17 09:27,87,75,68,437,25,11
06/24/17 09:27,56,147,235,691,65,3
06/24/17 09:27,117,25,140,959,13,16
06/24/17 09:27,181,62,29,971,138,9
06/24/17 09:27,77,223,74,216,55,20
06/24/17 09:27,19,1,35,182,53,14
06/24/17 09:27,73,91,108,937,16,8
06/24/17 09:27,92,89,223,888,126,25
06/24/17 09:27,28,68,125,645,28,5
06/24/17 09:27,158,51,64,630,14,19
06/24/17 09:27,77,216,17,293,15,19
06/24/17 09:27,192,279,97,910,80,7
06/24/17 09:27,106,280,64,0,59,25
06/24/17 09:27,111,195,77,809,120,5
06/24/17 09:27,84,295,45,664,114,8
06/24/17 09:27,56,238,118,933,44,10
06/24/17 09:27,189,180,8,908,65,22
06/24/17 09:27,21,232,77,916,129,19
06/24/17 09:27,32,147,193,103,12,11
06/24/17 09:27,154,31,90,906,113,9
06/24/17 09:27,194,137,131,323,142,27
06/24/17 09:27,27,270,179,192,64,27
06/24/17 09:27,119,14,178,561,77,5
06/24/17 09:27,126,242,79,166,119,5
06/24/17 09:27,135,214,112,527,52,5
06/24/17 09:27,116,189,76,633,31,6
06/24/17 09:27,39,188,226,476,120,25
06/24/17 09:27,87,236,112,406,35,27
06/24/17 09:27,30,190,138,34,139,19
06/24/17 09:27,29,10,72,368,40,20
06/24/17 09:27,193,80,93,966,66,10
06/24/17 09:27,70,212,34,968,122,30
06/24/17 09:27,104,229,87,555,110,20
06/24/17 09:27,51,296,108,95,100,24
06/24/17 09:27,50,57,214,326,32,25
06/24/17 09:27,46,203,53,796,74,8
06/24/17 09:27,151,188,34,943,134,28
06/24/17 09:27,172,43,62,331,32,17
06/24/17 09:27,91,87,98,307,124,10
06/24/17 09:27,130,103,89,454,6,28
06/24/17 09:27,117,260,131,2,69,16
06/24/17 09:27,166,117,199,662,96,14
06/24/17 09:27,107,195,61,63,136,1
06/24/17 09:27,124,217,108,964,120,2
06/24/17 09:27,56,10,1,104,30,22
06/24/17 09:27,57,156,209,369,94,26
06/24/17 09:27,12,43,34,141,113,15
06/24/17 09:27,14,180,19,898,146,3
06/24/17 09:27,103,30,52,966,44,5
06/24/17 09:27,2,265,42,543,136,21
06/24/17 09:27,22,220,80,874,87,17
06/24/17 09:27,123,174,127,836,113,22
06/24/17 09:27,28,18,58,91,17,23
06/24/17 09:27,101,280,35,496,26,15
06/24/17 09:27,19,21,200,176,11,25
06/24/17 09:27,23,234,75,954,64,19
06/24/17 09:27,83,80,196,599,14,13
06/24/17 09:27,124,138,140,63,130,22
06/24/17 09:27,22,224,223,993,34,20
06/24/17 09:27,168,89,16,369,44,2
06/24/17 09:27,146,49,8,548,117,15
06/24/17 09:27,49,197,181,260,129,17
06/24/17 09:27,192,213,191,974,104,1
06/24/17 09:27,101,68,11,758,49,15
06/24/17 09:27,70,113,50,772,11,10
06/24/17 09:27,168,271,1,39,135,4
06/24/17 09:27,111,84,56,483,112,20
06/24/17 09:27,4,5,40,9,145,8
06/24/17 09:27,158,94,82,749,124,17
06/24/17 09:27,108,270,1,103,1,26
06/24/17 09:27,12,15,196,191,8,10
06/24/17 09:27,148,199,192,423,105,9
06/24/17 09:27,106,2,121,36,149,16
06/24/17 09:27,9,80,214,998,52,3
06/24/17 09:27,113,23,168,371,98,11
06/24/17 09:27,161,243,79,886,38,26
06/24/17 09:27,183,90,132,4,125,23
06/24/17 09:27,128,2,223,595,64,30
06/24/17 09:27,189,30,84,952,7,27
06/24/17 09:27,165,133,206,109,26,14
06/24/17 09:27,86,77,69,623,121,16
06/24/17 09:27,175,27,157,471,124,2
06/24/17 09:27,15,34,113,899,18,29
06/24/17 09:27,94,93,175,895,74,2
06/24/17 09:27,133,134,62,362,99,21
06/24/17 09:27,192,159,222,226,143,19
06/24/17 09:27,181,134,109,364,102,4
06/24/17 09:27,9,279,171,151,35,22
06/24/17 09:27,111,5,156,16,101,5
06/24/17 09:27,151,49,47,431,56,28
06/24/17 09:27,140,297,179,908,129,25
06/24/17 09:27,172,276,224,276,44,7
06/24/17 09:27,151,19,204,387,93,9
06/24/17 09:27,28,256,127,716,118,9
06/24/17 09:27,24,182,231,19,66,23
06/24/17 09:27,52,9,212,216,148,19
06/24/17 09:27,18,218,141,413,48,30
06/24/17 09:27,63,138,157,80,145,6
06/24/17 09:27,59,87,190,180,66,18
06/24/17 09:27,5,43,25,115,148,6
06/24/17 09:27,55,116,86,1,22,19
06/24/17 09:27,28,163,162,569,58,27
06/24/17 09:27,171,162,74,48,78,9
06/24/17 09:27,195,15,222,423,5,25
06/24/17 09:27,158,39,25,4,31,9
06/24/17 09:27,191,117,74,745,131,1
06/24/17 09:27,35,248,152,990,27,29
06/24/17 09:27,130,287,220,428,6,22
06/24/17 09:27,150,169,97,741,26,6
06/24/17 09:27,72,296,228,915,105,18
06/24/17 09:27,134,197,132,425,42,12
06/24/17 09:27,161,58,90,969,116,5
06/24/17 09:27,48,283,144,819,107,18
06/24/17 09:27,42,34,6,114,8,9
06/24/17 09:27,130,189,178,681,129,10
06/24/17 09:27,148,215,93,977,18,17
06/24/17 09:27,3,21,141,313,99,12
06/24/17 09:27,162,288,109,220,25,17
06/24/17 09:27,92,201,187,812,131,14
06/24/17 09:27,86,35,63,142,68,15
06/24/17 09:27,129,3,164,127,22,24
06/24/17 09:27,158,267,196,355,73,21
06/24/17 09:27,56,145,29,801,113,29
06/24/17 09:27,83,211,196,745,45,14
06/24/17 09:27,48,222,176,585,97,25
06/24/17 09:27,123,90,97,484,54,11
06/24/17 09:27,169,13,90,130,29,22
06/24/17 09:27,80,66,226,778,19,6
06/24/17 09:27,83,123,129,142,139,8
06/24/17 09:27,75,264,186,586,93,29
06/24/17 09:27,160,122,57,391,54,27
06/24/17 09:27,68,206,67,932,64,16
06/24/17 09:27,75,167,44,131,30,25
06/24/17 09:27,137,214,179,943,17,27
06/24/17 09:27,184,190,153,641,63,13
06/24/17 09:27,137,241,178,762,26,26
06/24/17 09:27,169,142,183,961,0,10
06/24/17 09:27,164,5,3,148,19,25
06/24/17 09:27,23,95,168,30,110,11
06/24/17 09:27,6,223,78,457,33,14
06/24/17 09:27,13,91,21,135,39,30
06/24/17 09:27,126,277,77,784,79,7
06/24/17 09:27,168,15,209,999,107,23
06/24/17 09:27,42,67,47,680,136,15
06/24/17 09:27,47,110,161,871,28,7
06/24/17 09:27,63,299,227,877,23,4
06/24/17 09:27,94,40,95,475,102,28
06/24/17 09:27,133,239,144,494,119,1
06/24/17 09:27,111,64,250,192,91,4
06/24/17 09:27,158,2,98,258,112,7
06/24/17 09:27,119,43,124,23,115,4
06/24/17 09:27,10,185,163,286,120,27
06/24/17 09:27,192,118,49,104,21,3
06/24/17 09:27,180,79,138,634,142,7
06/24/17 09:27,181,27,150,650,76,22
06/24/17 09:27,49,189,33,969,80,1
06/24/17 09:27,40,239,232,426,133,26
06/24/17 09:27,84,106,129,962,53,13
06/24/17 09:27,34,293,193,341,83,9
06/24/17 09:27,58,272,57,666,64,16
06/24/17 09:27,165,206,59,938,42,8
06/24/17 09:27,109,169,192,640,142,14
06/24/17 09:27,21,149,53,653,147,19
06/24/17 09:27,76,227,214,785,13,4
06/24/17 09:27,95,222,50,736,91,25
06/24/17 09:27,92,30,213,520,40,24
06/24/17 09:27,199,168,37,334,113,18
06/24/17 09:27,63,196,241,227,1,17
06/24/17 09:27,71,183,235,346,134,5
06/24/17 09:27,195,249,168,934,127,7
06/24/17 09:27,20,137,193,40,36,27
06/24/17 09:27,37,96,227,328,67,23
06/24/17 09:27,178,260,0,936,139,11
06/24/17 09:27,79,218,230,411,103,23
06/24/17 09:27,117,209,198,28,119,8
06/24/17 09:27,178,68,213,36,86,23
06/24/17 09:27,45,122,174,140,13,20
06/24/17 09:27,180,235,232,129,74,8
06/24/17 09:27,152,148,218,958,135,12
06/24/17 09:27,100,277,218,58,18,12
06/24/17 09:27,154,89,35,993,13,29
06/24/17 09:27,95,158,207,377,47,14
06/24/17 09:27,165,85,134,540,99,27
06/24/17 09:27,155,30,157,937,109,11
06/24/17 09:27,140,168,147,851,105,14
06/24/17 09:27,76,153,249,691,16,12
06/24/17 09:27,175,158,8,140,26,19
06/24/17 09:27,6,25,7,866,57,4
06/24/17 09:27,25,73,247,490,1,24
06/24/17 09:27,112,114,103,413,130,9
06/24/17 09:27,66,9,200,498,119,1
06/24/17 09:27,131,161,92,199,120,19
06/24/17 09:27,117,141,34,813,38,1
06/24/17 09:27,26,146,171,608,14,23
06/24/17 09:27,108,110,248,359,112,10
06/24/17 09:27,191,246,128,74,72,30
06/24/17 09:27,177,158,237,869,132,2
06/24/17 09:27,60,90,150,530,48,16
06/24/17 09:27,96,55,122,925,105,21
06/24/17 09:27,193,58,179,21,9,4
06/24/17 09:27,123,68,153,788,92,20
06/24/17 09:27,191,177,54,122,112,6
06/24/17 09:27,106,146,121,918,54,24
06/24/17 09:27,31,6,142,990,128,11
06/24/17 09:27,7,245,90,8,19,29
06/24/17 09:27,24,196,29,509,131,11
06/24/17 09:27,87,224,113,190,107,15
06/24/17 09:27,64,211,244,756,139,6
06/24/17 09:27,11,211,89,767,75,4
06/24/17 09:27,195,189,230,328,110,6
06/24/17 09:27,63,84,61,184,127,20
06/24/17 09:27,177,51,41,764,104,7
06/24/17 09:27,185,194,169,636,107,25
06/24/17 09:27,15,131,165,615,26,21
06/24/17 09:27,154,160,2,611,117,19
06/24/17 09:27,72,282,20,930,10,23
06/24/17 09:27,168,213,220,528,34,19
06/24/17 09:27,142,224,14,401,30,2
06/24/17 09:27,131,291,78,133,85,28
06/24/17 09:27,100,79,114,985,140,8
06/24/17 09:27,63,299,0,275,37,6
06/24/17 09:27,184,110,190,621,25,13
06/24/17 09:27,26,250,158,107,123,20
06/24/17 09:27,90,8,4,499,14,26
06/24/17 09:27,171,166,1,342,86,17
06/24/17 09:27,134,71,233,268,7,24
06/24/17 09:27,99,248,125,620,144,16
06/24/17 09:27,119,22,109,894,48,18
06/24/17 09:27,88,195,164,808,95,14
06/24/17 09:27,123,210,19,686,17,17
06/24/17 09:27,23,107,226,245,60,30
06/24/17 09:27,131,246,39,851,2,4
06/24/17 09:27,30,61,7,877,2,23
06/24/17 09:27,115,123,217,729,60,12
06/24/17 09:27,111,96,105,737,80,10
06/24/17 09:27,72,250,69,556,37,8
06/24/17 09:27,197,149,237,394,79,21
06/24/17 09:27,200,201,84,1,139,30
06/24/17 09:27,178,67,245,305,56,13
06/24/17 09:27,78,35,159,983,144,14
06/24/17 09:27,178,141,106,231,132,8
06/24/17 09:27,49,235,31,344,6,17
06/24/17 09:27,177,255,60,280,107,6
06/24/17 09:27,31,274,49,683,62,12
06/24/17 09:27,164,191,214,287,132,13
06/24/17 09:27,196,299,104,328,50,22
06/24/17 09:27,72,260,226,667,12,28
06/24/17 09:27,45,235,100,979,103,17
06/24/17 09:27,162,227,145,425,30,15
06/24/17 09:27,34,40,108,56,48,2
06/24/17 09:27,79,186,49,901,99,28
06/24/17 09:27,15,100,211,967,29,29
06/24/17 09:27,61,221,237,563,100,25
06/24/17 09:27,0,80,95,269,137,15
06/24/17 09:27,61,136,107,300,33,1
06/24/17 09:27,151,133,19,908,51,21
06/24/17 09:27,19,286,171,257,66,12
06/24/17 09:27,36,66,182,39,139,9
06/24/17 09:27,96,232,50,134,103,10
06/24/17 09:27,151,39,113,691,42,5
06/24/17 09:27,125,132,117,58,91,6
06/24/17 09:27,171,7,54,186,53,3
06/24/17 09:27,120,270,182,791,132,1
06/24/17 09:27,119,225,50,691,69,8
06/24/17 09:27,89,26,96,458,95,27
06/24/17 09:27,121,202,26,930,22,29
06/24/17 09:27,31,63,108,89,54,25
06/24/17 09:27,87,249,6,706,141,8
06/24/17 09:27,163,187,92,254,147,5
06/24/17 09:27,190,84,45,196,99,14
06/24/17 09:27,163,47,247,88,124,22
06/24/17 09:27,92,15,36,546,90,9
06/24/17 09:27,4,81,132,983,101,26
06/24/17 09:27,141,299,9,935,97,12
06/24/17 09:27,153,292,96,257,44,11
06/24/17 09:27,75,55,227,650,120,14
06/24/17 09:27,94,39,194,426,115,8
06/24/17 09:27,110,297,140,346,14,10
06/24/17 09:27,147,261,230,439,74,20
06/24/17 09:27,26,213,112,787,106,26
06/24/17 09:27,56,76,204,95,124,12
06/24/17 09:27,78,126,199,833,39,14
06/24/17 09:27,91,127,64,823,109,22
06/24/17 09:27,179,144,102,668,116,17
06/24/17 09:27,87,267,247,508,64,13
06/24/17 09:27,148,112,179,241,69,12
06/24/17 09:27,87,244,25,275,35,19
06/24/17 09:27,64,240,187,384,83,3
06/24/17 09:27,64,14,74,21,150,9
06/24/17 09:27,101,119,42,35,46,17
06/24/17 09:27,114,77,245,924,145,7
06/24/17 09:27,180,171,210,39,8,15
06/24/17 09:27,196,270,162,581,134,8
06/24/17 09:27,104,48,175,145,104,18
06/24/17 09:27,154,72,54,870,29,1
06/24/17 09:27,162,193,98,666,97,25
06/24/17 09:27,168,16,100,815,56,26
06/24/17 09:27,136,24,166,853,121,18
06/24/17 09:27,29,169,163,619,4,17
06/24/17 09:27,129,10,6,477,83,8
06/24/17 09:27,4,166,223,74,95,30
06/24/17 09:27,113,132,195,416,75,19
06/24/17 09:27,15,136,115,110,18,16
06/24/17 09:27,26,205,19,377,16,8
06/24/17 09:27,153,65,20,498,4,29
06/24/17 09:27,200,77,134,906,76,10
06/24/17 09:27,137,290,81,975,50,18
06/24/17 09:27,181,271,172,392,18,4
06/24/17 09:27,9,46,63,721,22,30
06/24/17 09:27,40,251,21,619,127,21
06/24/17 09:27,157,74,126,356,117,14
06/24/17 09:27,88,75,204,633,60,11
06/24/17 09:27,121,296,87,285,93,20
06/24/17 09:27,6,72,121,764,44,20
06/24/17 09:27,129,106,143,792,56,29
06/24/17 09:27,17,245,61,546,88,24
06/24/17 09:27,139,250,218,920,98,8
06/24/17 09:27,36,148,14,21,11,6
06/24/17 09:27,194,256,235,501,34,3
06/24/17 09:27,122,140,13,305,40,19
06/24/17 09:27,198,32,106,578,93,30
06/24/17 09:27,193,61,47,850,115,17
06/24/17 09:27,10,33,93,463,46,3
06/24/17 09:27,68,65,55,773,17,3
06/24/17 09:27,104,274,9,971,12,11
06/24/17 09:27,50,37,4,110,108,15
06/24/17 09:27,144,46,52,70,82,26
06/24/17 09:27,79,125,64,138,65,6
06/24/17 09:27,20,262,57,911,95,16
06/24/17 09:27,164,7,117,486,41,16
06/24/17 09:27,24,248,118,831,97,1
06/24/17 09:27,154,136,244,864,15,4
06/24/17 09:27,110,72,65,104,19,29
06/24/17 09:27,28,135,168,706,111,2
06/24/17 09:27,21,152,63,255,0,5
06/24/17 09:27,168,119,246,929,140,17
06/24/17 09:27,2,239,4,414,66,24
06/24/17 09:27,3,295,81,267,80,5
06/24/17 09:27,145,22,249,762,123,25
06/24/17 09:27,178,145,14,217,144,10
06/24/17 09:27,35,197,21,535,89,10
06/24/17 09:27,68,233,82,126,75,14
06/24/17 09:27,81,208,185,267,21,9
06/24/17 09:27,20,198,192,65,7,8
06/24/17 09:27,105,138,203,207,89,27
06/24/17 09:27,91,21,39,222,59,22
06/24/17 09:27,114,28,169,995,129,5
06/24/17 09:27,89,162,199,600,124,19
06/24/17 09:27,159,214,124,534,26,9
06/24/17 09:27,120,112,14,825,50,12
06/24/17 09:27,8,89,109,981,43,14
06/24/17 09:27,136,235,14,651,72,5
06/24/17 09:27,9,230,178,700,54,17
06/24/17 09:27,160,158,0,985,146,6
06/24/17 09:27,198,3,143,161,148,26
06/24/17 09:27,86,106,222,462,61,6
06/24/17 09:27,37,69,167,228,92,29
06/24/17 09:27,85,129,129,779,143,12
06/24/17 09:27,115,55,75,556,4,9
06/24/17 09:27,149,281,192,110,17,9
06/24/17 09:27,162,275,190,524,101,7
06/24/17 09:27,125,34,184,841,39,2
06/24/17 09:27,152,172,84,329,105,3
06/24/17 09:27,120,33,127,920,4,7
06/24/17 09:27,31,107,0,236,97,28
06/24/17 09:27,66,300,218,53,5,28
06/24/17 09:27,96,172,47,0,13,13
06/24/17 09:27,55,223,145,148,53,11
06/24/17 09:27,112,235,234,418,115,16
06/24/17 09:27,154,67,120,709,96,13
06/24/17 09:27,121,49,209,474,12,25
06/24/17 09:27,180,124,31,301,96,8
06/24/17 09:27,128,19,33,972,55,21
06/24/17 09:27,26,104,95,614,94,24
06/24/17 09:27,169,146,103,560,54,19
06/24/17 09:27,111,12,223,713,119,2
06/24/17 09:27,1,136,247,434,129,13
06/24/17 09:27,192,249,61,689,93,20
06/24/17 09:27,150,62,238,100,20,21
06/24/17 09:27,65,233,42,819,80,14
06/24/17 09:27,187,277,152,28,30,27
06/24/17 09:27,40,275,183,151,56,30
06/24/17 09:27,121,273,241,563,60,20
06/24/17 09:27,2,68,13,46,139,16
06/24/17 09:27,145,152,73,845,128,1
06/24/17 09:27,69,275,132,624,80,16
06/24/17 09:27,102,224,200,314,18,14
06/24/17 09:27,30,136,21,643,125,26
06/24/17 09:27,21,119,229,687,57,18
06/24/17 09:27,183,263,88,224,42,21
06/24/17 09:27,90,52,144,700,132,28
06/24/17 09:27,189,22,81,919,81,2
06/24/17 09:27,168,257,242,354,13,12
06/24/17 09:27,151,265,145,366,95,17
06/24/17 09:27,58,163,63,630,31,18
06/24/17 09:27,101,163,2,182,45,26
06/24/17 09:27,185,271,125,615,46,28
06/24/17 09:27,83,89,165,346,136,29
06/24/17 09:27,53,284,219,670,9,5
06/24/17 09:27,198,221,179,130,119,4
06/24/17 09:27,87,282,238,754,82,28
06/24/17 09:27,172,143,133,487,113,3
06/24/17 09:27,100,121,44,651,80,16
06/24/17 09:27,129,289,88,479,65,25
06/24/17 09:27,53,218,106,15,53,29
06/24/17 09:27,200,256,199,755,30,12
06/24/17 09:27,66,2,228,250,84,1
06/24/17 09:27,94,294,71,591,54,30
06/24/17 09:27,169,231,208,605,109,11
06/24/17 09:27,153,158,191,124,5,6
06/24/17 09:27,172,206,218,8,88,19
06/24/17 09:27,193,192,166,229,85,15
06/24/17 09:27,42,267,127,260,106,30
06/24/17 09:27,164,77,142,763,68,12
06/24/17 09:27,102,65,217,935,82,2
06/24/17 09:27,84,115,145,980,13,18
06/24/17 09:27,80,79,26,409,23,25
06/24/17 09:27,153,168,178,416,10,29
06/24/17 09:27,9,142,11,775,146,20
06/24/17 09:27,161,207,237,546,82,30
06/24/17 09:27,25,15,224,327,68,28
06/24/17 09:27,75,181,155,686,6,21
06/24/17 09:27,126,79,203,814,102,11
06/24/17 09:27,140,128,7,362,63,9
06/24/17 09:27,178,147,234,135,78,16
06/24/17 09:27,186,234,47,297,90,2
06/24/17 09:27,168,140,165,336,33,24
06/24/17 09:27,196,269,197,795,34,21
06/24/17 09:27,98,138,35,647,34,9
06/24/17 09:27,134,7,172,999,122,19
06/24/17 09:27,103,44,38,142,10,26
06/24/17 09:27,159,277,226,393,108,11
06/24/17 09:27,191,64,178,308,38,21
06/24/17 09:27,166,66,45,522,54,20
06/24/17 09:27,25,121,73,145,94,2
06/24/17 09:27,74,153,205,781,117,14
06/24/17 09:27,195,254,233,7,66,11
06/24/17 09:27,35,299,194,559,20,26
06/24/17 09:27,190,187,95,101,113,4
06/24/17 09:27,104,279,10,624,67,10
06/24/17 09:27,117,130,164,986,66,10
06/24/17 09:27,25,244,135,938,31,11
06/24/17 09:27,138,74,38,612,61,24
06/24/17 09:27,194,183,138,866,97,5
06/24/17 09:27,159,220,187,192,144,28
06/24/17 09:27,48,198,94,483,116,22
06/24/17 09:27,136,133,180,613,19,17
06/24/17 09:27,164,14,105,306,15,9
06/24/17 09:27,82,300,244,264,42,21
06/24/17 09:27,152,191,12,508,28,17
06/24/17 09:27,60,244,215,71,105,28
06/24/17 09:27,129,173,142,958,49,28
06/24/17 09:27,151,103,188,584,94,5
06/24/17 09:27,23,203,138,949,135,3
06/24/17 09:27,108,162,205,930,5,21
06/24/17 09:27,161,68,142,894,95,22
06/24/17 09:27,20,112,128,708,57,24
06/24/17 09:27,74,256,87,907,91,14
06/24/17 09:27,68,85,127,705,149,13
06/24/17 09:27,132,271,106,410,117,30
06/24/17 09:27,7,44,209,776,59,17
06/24/17 09:27,194,100,92,13,99,28
06/24/17 09:27,196,220,184,789,4,23
06/24/17 09:27,135,59,215,788,77,11
06/24/17 09:27,13,6,202,691,108,16
06/24/17 09:27,159,79,157,131,31,28
06/24/17 09:27,191,165,138,704,54,11
06/24/17 09:27,71,115,70,412,23,26
06/24/17 09:27,16,109,60,884,28,2
06/24/17 09:27,74,186,46,309,1,25
06/24/17 09:27,58,45,233,1,118,9
06/24/17 09:27,4,200,24,613,15,8
06/24/17 09:27,164,271,221,705,0,25
06/24/17 09:27,165,275,224,817,18,5
06/24/17 09:27,50,265,34,115,78,29
06/24/17 09:27,166,38,172,426,29,19
06/24/17 09:27,142,250,60,678,121,5
06/24/17 09:27,74,118,83,242,72,4
06/24/17 09:27,188,65,4,721,2,8
06/24/17 09:27,78,200,54,175,123,21
06/24/17 09:27,47,21,41,370,135,3
06/24/17 09:27,195,185,8,28,85,27
06/24/17 09:27,123,30,23,796,81,22
06/24/17 09:27,136,189,143,239,91,9
06/24/17 09:27,0,186,97,856,115,13
06/24/17 09:27,101,42,60,627,5,16
06/24/17 09:27,188,294,162,619,121,11
06/24/17 09:27,51,228,114,90,74,24
06/24/17 09:27,70,217,13,515,68,7
06/24/17 09:27,33,284,224,167,85,8
06/24/17 09:27,173,222,14,880,59,12
06/24/17 09:27,119,139,178,33,110,20
06/24/17 09:27,152,124,89,800,43,13
06/24/17 09:27,60,31,187,353,22,5
06/24/17 09:27,182,178,36,760,113,16
06/24/17 09:27,115,86,66,944,3,7
06/24/17 09:27,178,288,95,213,143,25
06/24/17 09:27,31,148,81,675,93,23
06/24/17 09:27,97,106,4,700,116,25
06/24/17 09:27,152,162,25,734,60,14
06/24/17 09:27,5,136,26,708,100,28
06/24/17 09:27,170,11,47,78,146,26
06/24/17 09:27,64,264,178,638,130,2
06/24/17 09:27,190,193,62,241,87,16
06/24/17 09:27,84,170,142,606,62,11
06/24/17 09:27,167,130,98,107,44,23
06/24/17 09:27,125,192,119,382,116,3
06/24/17 09:27,118,30,67,742,33,30
06/24/17 09:27,105,8,155,355,13,23
06/24/17 09:27,65,105,212,4,104,13
06/24/17 09:27,160,68,96,54,19,4
06/24/17 09:27,60,36,54,240,87,4
06/24/17 09:27,128,56,183,378,60,20
06/24/17 09:27,137,194,247,565,65,20
06/24/17 09:27,90,97,208,783,95,21
06/24/17 09:27,146,242,192,990,148,16
06/24/17 09:27,114,9,230,538,144,13
06/24/17 09:27,154,57,172,690,94,26
06/24/17 09:27,196,232,148,941,44,13
06/24/17 09:27,114,281,154,452,84,29
06/24/17 09:27,35,205,84,407,25,29
06/24/17 09:27,78,93,187,416,52,20
06/24/17 09:27,29,164,100,976,142,8
06/24/17 09:27,148,168,193,993,135,28
06/24/17 09:27,199,208,76,757,90,18
06/24/17 09:27,136,270,204,50,71,12
06/24/17 09:27,163,1,99,586,84,26
06/24/17 09:27,49,147,13,832,129,3
06/24/17 09:27,188,78,131,139,34,30
06/24/17 09:27,198,71,51,898,38,9
06/24/17 09:27,86,35,44,187,130,14
06/24/17 09:27,91,91,211,628,122,29
06/24/17 09:27,196,39,70,869,11,23
06/24/17 09:27,197,153,23,732,119,21
06/24/17 09:27,32,216,149,616,105,27
06/24/17 09:27,181,56,180,490,50,19
06/24/17 09:27,176,140,216,727,115,10
06/24/17 09:27,168,68,65,503,67,18
06/24/17 09:27,129,247,195,402,3,27
06/24/17 09:27,127,166,41,703,80,29
06/24/17 09:27,94,245,141,383,44,27
06/24/17 09:27,125,287,221,862,54,28
06/24/17 09:27,86,176,175,247,147,25
06/24/17 09:27,21,177,44,85,148,16
06/24/17 09:27,191,186,232,897,19,5
06/24/17 09:27,193,162,188,361,93,10
06/24/17 09:27,153,6,93,199,56,27
06/24/17 09:27,115,91,13,904,79,13
06/24/17 09:27,162,162,75,352,69,10
06/24/17 09:27,191,95,37,445,84,15
06/24/17 09:27,19,290,118,819,143,18
06/24/17 09:27,123,52,166,297,115,16
06/24/17 09:27,151,260,238,138,105,12
06/24/17 09:27,157,163,94,142,2,9
06/24/17 09:27,85,276,169,710,65,2
06/24/17 09:27,120,227,89,17,82,4
06/24/17 09:27,25,187,150,728,23,30
06/24/17 09:27,18,180,91,434,119,14
06/24/17 09:27,189,254,71,777,50,11
06/24/17 09:27,103,300,30,221,98,15
06/24/17 09:27,123,15,181,13,2,3
06/24/17 09:27,186,176,152,462,41,12
06/24/17 09:27,72,60,47,332,98,20
06/24/17 09:27,50,225,73,448,102,27
06/24/17 09:27,32,100,67,495,88,21
06/24/17 09:27,92,41,104,422,29,2
06/24/17 09:27,81,253,178,673,105,8
06/24/17 09:27,98,103,170,38,123,3
06/24/17 09:27,52,116,184,829,6,25
06/24/17 09:27,5,292,216,434,55,12
06/24/17 09:27,105,144,39,452,46,8
06/24/17 09:27,171,238,162,272,64,6
06/24/17 09:27,184,126,189,666,138,9
06/24/17 09:27,89,187,111,51,129,27
06/24/17 09:27,49,234,248,473,148,6
06/24/17 09:27,121,217,106,477,55,15
06/24/17 09:27,121,185,34,199,19,8
06/24/17 09:27,128,0,204,510,16,12
06/24/17 09:27,118,64,130,28,70,17
06/24/17 09:27,22,14,249,61,134,11
06/24/17 09:27,172,201,232,701,78,12
06/24/17 09:27,169,5,28,475,97,22
06/24/17 09:27,19,201,163,749,11,14
06/24/17 09:27,170,30,10,610,148,1
06/24/17 09:27,182,216,9,290,106,9
06/24/17 09:27,142,159,192,151,76,5
06/24/17 09:27,199,161,248,298,21,8
06/24/17 09:27,41,165,136,816,58,13
06/24/17 09:27,130,181,12,618,95,18
06/24/17 09:27,23,73,71,109,137,10
06/24/17 09:27,58,293,6,435,72,21
06/24/17 09:27,133,147,242,87,43,3
06/24/17 09:27,3,100,191,684,65,22
06/24/17 09:27,15,70,121,702,106,18
06/24/17 09:27,103,115,193,681,16,19
06/24/17 09:27,155,199,58,109,53,7
06/24/17 09:27,116,229,232,68,58,24
06/24/17 09:27,154,248,147,88,143,23
06/24/17 09:27,101,82,161,54,134,24
06/24/17 09:27,31,30,106,780,40,23
06/24/17 09:27,154,288,148,808,145,24
06/24/17 09:27,159,66,220,895,5,20
06/24/17 09:27,135,179,106,381,125,22
06/24/17 09:27,118,76,108,613,121,14
06/24/17 09:27,102,167,18,288,34,2
06/24/17 09:27,7,57,157,401,59,7
06/24/17 09:27,89,30,230,718,125,14
06/24/17 09:27,79,107,226,30,74,1
06/24/17 09:27,196,79,198,156,90,9
06/24/17 09:27,122,297,171,142,95,14
06/24/17 09:27,77,2,58,677,68,22
06/24/17 09:27,9,38,147,102,81,12
06/24/17 09:27,108,24,69,898,13,21
06/24/17 09:27,158,128,10,461,46,10
06/24/17 09:27,67,34,88,508,111,22
06/24/17 09:27,69,282,211,500,139,20
06/24/17 09:27,1,102,22,822,44,12
06/24/17 09:27,190,54,175,19,44,27
06/24/17 09:27,102,207,76,571,64,19
06/24/17 09:27,138,276,39,316,103,19
06/24/17 09:27,47,94,249,90,19,5
06/24/17 09:27,46,110,87,915,7,4
06/24/17 09:27,112,55,115,268,81,4
06/24/17 09:27,141,97,77,526,127,1
06/24/17 09:27,78,39,232,882,41,13
06/24/17 09:27,46,50,56,108,13,14
06/24/17 09:27,95,110,208,207,72,22
06/24/17 09:27,30,103,184,313,95,5
06/24/17 09:27,24,275,160,646,100,8
06/24/17 09:27,37,136,212,451,54,8
06/24/17 09:27,84,180,138,599,79,28
06/24/17 09:27,123,42,33,414,3,25
06/24/17 09:27,99,52,16,283,8,1
06/24/17 09:27,169,231,169,289,146,11
06/24/17 09:27,46,48,114,869,104,27
06/24/17 09:27,62,260,207,816,146,15
06/24/17 09:27,113,135,231,177,85,30
06/24/17 09:27,41,8,57,796,64,14
06/24/17 09:27,90,236,237,137,25,1
06/24/17 09:27,167,298,206,866,103,26
06/24/17 09:27,188,166,25,572,9,1
06/24/17 09:27,188,230,125,855,149,10
06/24/17 09:27,47,9,51,899,101,16
06/24/17 09:27,154,30,107,893,143,7
06/24/17 09:27,169,128,136,17,30,14
06/24/17 09:27,182,176,195,781,148,7
06/24/17 09:27,176,49,99,532,147,11
06/24/17 09:27,184,233,199,469,89,8
06/24/17 09:27,73,68,168,954,82,9
06/24/17 09:27,64,76,12,430,109,6
06/24/17 09:27,113,67,56,360,83,23
06/24/17 09:27,101,225,241,477,143,25
06/24/17 09:27,39,152,37,631,76,20
06/24/17 09:27,151,237,75,839,43,16
06/24/17 09:27,27,257,56,364,26,2
06/24/17 09:27,21,183,236,731,94,14
06/24/17 09:27,184,189,186,947,43,26
06/24/17 09:27,37,60,35,571,2,1
06/24/17 09:27,132,26,121,213,57,27
06/24/17 09:27,52,17,190,115,106,21
06/24/17 09:27,130,264,229,623,149,5
06/24/17 09:27,56,59,95,83,88,29
