06/24/17 09:27,69,232,191,488,78,10
06/24/17 09:27,72,224,141,675,130,2
06/24/17 09:27,196,153,79,423,144,11
06/24/17 09:27,192,197,37,253,51,9
06/24/17 09:27,101,64,170,840,28,1
06/24/17 09:27,125,152,29,882,144,27
06/24/17 09:27,22,190,174,885,125,30
06/24/17 09:27,22,244,189,384,68,25
06/24/17 09:27,99,84,44,530,122,4
06/24/17 09:27,192,145,145,741,130,28
06/24/17 09:27,77,139,227,515,142,26
06/24/17 09:27,130,110,45,843,149,30
06/24/17 09:27,164,68,27,482,135,4
06/24/17 09:27,136,57,66,805,32,5
06/24/17 09:27,27,233,205,34,121,14
06/24/17 09:27,75,48,114,465,104,2
06/24/17 09:27,106,206,55,395,66,27
06/24/17 09:27,84,181,80,545,30,17
06/24/17 09:27,79,93,99,926,104,5
06/24/17 09:27,38,39,160,351,18,22
06/24/17 09:27,108,29,216,411,133,18
06/24/17 09:27,90,34,153,36,144,27
06/24/17 09:27,23,65,10,807,44,14
06/24/17 09:27,95,82,30,543,11,22
06/24/17 09:27,68,97,211,86,130,3
06/24/17 09:27,137,51,161,38,50,5
06/24/17 09:27,97,194,4,13,106,14
06/24/17 09:27,166,207,97,813,54,8
06/24/17 09:27,25,250,200,98,21,23
06/24/17 09:27,176,44,22,387,0,30
06/24/17 09:27,41,195,108,574,51,24
06/24/17 09:27,8,64,160,818,112,21
06/24/17 09:27,122,258,32,158,142,24
06/24/17 09:27,66,73,36,66,4,16
06/24/17 09:27,149,60,158,596,57,5
06/24/17 09:27,78,58,127,965,110,9
06/24/17 09:27,144,155,18,911,136,10
06/24/17 09:27,191,5,85,608,48,14
06/24/17 09:27,69,100,30,399,42,16
06/24/17 09:27,179,227,158,99,93,16
06/24/17 09:27,89,42,105,689,89,27
06/24/17 09:27,195,28,228,740,0,17
06/24/17 09:27,31,98,205,529,56,3
06/24/17 09:27,120,223,148,747,15,28
06/24/17 09:27,138,70,15,482,0,6
06/24/17 09:27,60,169,39,580,51,9
06/24/17 09:27,118,231,92,851,78,8
06/24/17 09:27,77,113,60,762,39,2
06/24/17 09:27,99,288,239,813,32,10
06/24/17 09:27,2,215,193,235,77,6
06/24/17 09:27,92,209,132,752,22,13
06/24/17 09:27,108,104,139,918,34,26
06/24/17 09:27,22,199,16,646,58,30
06/24/17 09:27,109,56,80,110,45,19
06/24/17 09:27,148,188,51,563,80,1
06/24/17 09:27,41,4,114,34,110,11
06/24/17 09:27,72,169,59,19,47,3
06/24/17 09:27,132,63,109,291,127,3
06/24/17 09:27,163,155,121,958,32,25
06/24/17 09:27,52,53,247,449,82,17
06/24/17 09:27,42,224,84,750,115,28
06/24/17 09:27,196,40,42,176,111,13
06/24/17 09:27,69,157,205,813,69,9
06/24/17 09:27,86,29,56,916,13,4
06/24/17 09:27,181,112,226,485,46,11
06/24/17 09:27,86,27,112,752,67,1
06/24/17 09:27,40,162,70,71,41,27
06/24/17 09:27,75,21,117,783,53,21
06/24/17 09:27,33,65,11,290,67,13
06/24/17 09:27,63,99,57,27,40,18
06/24/17 09:27,115,227,104,921,96,13
06/24/17 09:27,197,31,182,797,135,16
06/24/17 09:27,183,30,81,918,34,4
06/24/17 09:27,50,164,99,806,44,23
06/24/17 09:27,102,19,49,851,25,16
06/24/17 09:27,65,126,218,259,7,24
06/24/17 09:27,156,143,227,310,105,6
06/24/17 09:27,146,188,172,997,7,9
06/24/17 09:27,40,233,88,111,53,1
06/24/17 09:27,149,283,240,788,19,17
06/24/17 09:27,43,273,190,916,102,27
06/24/17 09:27,61,64,167,166,99,28
06/24/17 09:27,87,236,60,921,111,2
06/24/17 09:27,1,58,13,837,28,23
06/24/17 09:27,125,284,163,68,119,29
06/24/17 09:27,91,62,21,93,51,10
06/24/17 09:27,165,262,118,636,37,30
06/24/17 09:27,137,125,129,24,113,29
06/24/17 09:27,80,81,48,928,66,25
06/24/17 09:27,82,219,189,210,69,12
06/24/17 09:27,177,235,4,623,48,6
06/24/17 09:27,83,90,202,605,100,20
06/24/17 09:27,73,188,158,278,76,20
06/24/17 09:27,134,58,195,895,82,11
06/24/17 09:27,120,287,229,843,119,26
06/24/17 09:27,21,295,68,692,81,19
06/24/17 09:27,37,15,201,684,30,22
06/24/17 09:27,179,135,219,331,120,14
06/24/17 09:27,52,163,92,603,64,9
06/24/17 09:27,133,192,90,305,128,13
06/24/17 09:27,195,270,247,639,42,22
06/24/17 09:27,9,76,69,139,41,20
06/24/17 09:27,195,186,217,122,145,9
06/24/17 09:27,18,255,0,988,15,6
06/24/17 09:27,181,44,2,714,71,28
06/24/17 09:27,112,37,42,902,89,9
06/24/17 09:27,7,292,244,115,48,20
06/24/17 09:27,62,119,124,421,138,25
06/24/17 09:27,40,204,20,235,23,1
06/24/17 09:27,129,268,100,545,124,2
06/24/17 09:27,139,182,199,668,46,5
06/24/17 09:27,118,249,148,57,44,11
06/24/17 09:27,165,114,122,720,55,1
06/24/17 09:27,144,247,217,40,139,29
06/24/17 09:27,138,258,96,149,75,27
06/24/17 09:27,179,36,168,203,65,20
06/24/17 09:27,56,51,120,363,105,8
06/24/17 09:27,52,94,176,956,111,2
06/24/17 09:27,91,63,122,421,10,1
06/24/17 09:27,102,269,165,421,83,1
06/24/17 09:27,43,280,250,470,126,8
06/24/17 09:27,17,164,207,768,113,20
06/24/17 09:27,127,9,70,212,129,22
06/24/17 09:27,175,241,184,852,12,6
06/24/17 09:27,35,17,62,386,107,5
06/24/17 09:27,59,165,96,604,103,30
06/24/17 09:27,195,125,73,97,77,3
06/24/17 09:27,96,128,5,524,89,18
06/24/17 09:27,121,160,101,158,24,14
06/24/17 09:27,63,119,96,492,87,19
06/24/17 09:27,127,199,100,160,62,17
06/24/17 09:27,109,99,52,170,40,16
06/24/17 09:27,6,28,110,670,44,27
06/24/17 09:27,124,185,218,422,99,7
06/24/17 09:27,62,225,221,174,66,10
06/24/17 09:27,50,171,211,100,121,23
06/24/17 09:27,77,176,63,536,127,3
06/24/17 09:27,188,232,201,97,136,16
06/24/17 09:27,33,243,77,1000,120,18
06/24/17 09:27,28,1,222,989,9,5
06/24/17 09:27,59,219,196,790,58,29
06/24/17 09:27,86,47,48,216,149,9
06/24/17 09:27,196,162,227,832,96,24
06/24/17 09:27,150,231,128,329,119,1
06/24/17 09:27,177,240,35,121,5,10
06/24/17 09:27,49,141,187,650,71,5
06/24/17 09:27,170,160,132,399,135,5
06/24/17 09:27,37,16,232,335,27,28
06/24/17 09:27,168,89,196,829,39,11
06/24/17 09:27,102,17,132,946,19,2
06/24/17 09:27,105,73,226,246,88,17
06/24/17 09:27,157,212,224,95,7,20
06/24/17 09:27,46,97,45,698,22,23
06/24/17 09:27,95,62,75,329,132,23
06/24/17 09:27,100,61,132,676,107,14
06/24/17 09:27,2,39,133,4,72,26
06/24/17 09:27,36,118,156,874,51,16
06/24/17 09:27,59,234,88,950,138,30
06/24/17 09:27,169,35,153,603,24,25
06/24/17 09:27,5,208,34,798,84,5
06/24/17 09:27,196,214,8,314,46,13
06/24/17 09:27,64,0,157,353,133,28
06/24/17 09:27,125,4,0,142,59,1
06/24/17 09:27,179,270,4,874,67,29
06/24/17 09:27,191,203,33,676,28,26
06/24/17 09:27,168,40,217,969,14,16
06/24/17 09:27,137,68,174,929,49,18
06/24/17 09:27,173,207,30,853,53,9
06/24/17 09:27,136,97,62,724,137,4
06/24/17 09:27,195,284,40,743,73,19
06/24/17 09:27,173,52,60,633,79,18
06/24/17 09:27,91,262,49,972,97,12
06/24/17 09:27,155,205,26,176,65,16
06/24/17 09:27,42,118,197,781,75,2
06/24/17 09:27,47,74,154,665,115,22
06/24/17 09:27,11,295,68,260,131,22
06/24/17 09:27,135,212,136,246,5,23
06/24/17 09:27,95,260,73,291,23,27
06/24/17 09:27,97,57,242,429,71,9
06/24/17 09:27,183,51,219,909,145,1
06/24/17 09:27,48,201,215,729,29,21
06/24/17 09:27,36,278,141,389,131,23
06/24/17 09:27,54,167,249,261,129,16
06/24/17 09:27,149,30,139,153,117,24
06/24/17 09:27,15,52,106,990,27,19
06/24/17 09:27,18,171,190,933,47,7
06/24/17 09:27,34,73,145,987,24,18
06/24/17 09:27,200,300,183,517,96,11
06/24/17 09:27,163,142,27,321,64,23
06/24/17 09:27,37,60,127,519,47,9
06/24/17 09:27,85,150,218,141,28,7
06/24/17 09:27,123,263,221,689,138,27
06/24/17 09:27,77,31,157,691,101,6
06/24/17 09:27,142,300,46,281,11,21
06/24/17 09:27,159,21,211,249,28,24
06/24/17 09:27,26,107,147,255,42,30
06/24/17 09:27,75,148,226,750,8,17
06/24/17 09:27,7,100,9,932,9,7
06/24/17 09:27,146,76,98,129,78,3
06/24/17 09:27,168,278,169,757,67,16
06/24/17 09:27,133,28,148,783,56,12
06/24/17 09:27,30,155,207,511,19,18
06/24/17 09:27,181,147,91,819,120,27
06/24/17 09:27,26,163,107,762,12,17
06/24/17 09:27,161,145,180,922,102,19
06/24/17 09:27,77,236,132,18,1,26
06/24/17 09:27,22,160,61,357,32,16
06/24/17 09:27,150,1,34,601,67,9
06/24/17 09:27,23,234,185,246,115,6
06/24/17 09:27,90,222,7,789,78,8
06/24/17 09:27,90,58,142,264,61,20
06/24/17 09:27,109,124,135,727,137,12
06/24/17 09:27,53,279,228,879,13,4
06/24/17 09:27,189,216,57,998,79,21
06/24/17 09:27,109,73,111,39,141,17
06/24/17 09:27,34,235,193,519,101,2
06/24/17 09:27,169,245,221,250,8,16
06/24/17 09:27,135,18,180,456,75,11
06/24/17 09:27,64,248,208,435,136,4
06/24/17 09:27,52,34,67,396,95,27
06/24/17 09:27,168,89,56,912,126,27
06/24/17 09:27,42,78,3,371,48,10
06/24/17 09:27,175,62,138,201,90,23
06/24/17 09:27,93,282,179,614,74,19
06/24/17 09:27,93,196,162,83,19,29
06/24/17 09:27,29,297,211,811,15,1
06/24/17 09:27,172,18,235,369,67,18
06/24/17 09:27,156,119,212,513,25,16
06/24/17 09:27,59,201,41,351,9,14
06/24/17 09:27,74,122,200,844,18,13
06/24/17 09:27,8,266,61,987,9,4
06/24/17 09:27,123,236,45,695,80,26
06/24/17 09:27,36,262,33,962,114,10
06/24/17 09:27,92,291,5,313,141,19
06/24/17 09:27,112,214,166,755,115,2
06/24/17 09:27,24,10,82,499,101,25
06/24/17 09:27,159,290,95,411,88,11
06/24/17 09:27,24,10,178,981,30,3
06/24/17 09:27,82,118,223,927,95,10
06/24/17 09:27,184,76,137,376,115,1
06/24/17 09:27,160,243,57,81,118,21
06/24/17 09:27,178,59,74,302,18,18
06/24/17 09:27,124,293,217,135,117,11
06/24/17 09:27,35,103,180,114,62,1
06/24/17 09:27,170,294,223,140,2,13
06/24/17 09:27,48,194,45,589,119,8
06/24/17 09:27,18,45,55,612,103,18
06/24/17 09:27,146,227,87,585,71,27
06/24/17 09:27,29,259,133,918,21,22
06/24/17 09:27,43,190,249,853,147,28
06/24/17 09:27,78,74,242,660,39,29
06/24/17 09:27,132,85,103,455,146,8
06/24/17 09:27,74,163,183,857,47,22
06/24/17 09:27,170,45,82,554,19,18
06/24/17 09:27,98,3,91,233,14,16
06/24/17 09:27,182,212,241,344,118,27
06/24/17 09:27,7,242,227,572,50,15
06/24/17 09:27,187,152,141,815,52,24
06/24/17 09:27,8,278,193,518,121,15
06/24/17 09:27,193,13,81,573,1,14
06/24/17 09:27,95,157,51,917,98,5
06/24/17 09:27,42,187,95,826,97,25
06/24/17 09:27,91,233,131,762,85,10
06/24/17 09:27,191,249,97,960,100,7
06/24/17 09:27,122,36,192,253,138,17
06/24/17 09:27,70,245,248,285,34,28
06/24/17 09:27,171,19,191,278,148,26
06/24/17 09:27,28,83,171,971,122,8
06/24/17 09:27,138,155,91,490,44,26
06/24/17 09:27,1,244,207,95,97,18
06/24/17 09:27,80,262,242,210,22,15
06/24/17 09:27,115,226,232,17,145,9
06/24/17 09:27,63,118,122,731,65,4
06/24/17 09:27,191,33,70,700,32,18
06/24/17 09:27,90,31,43,402,90,19
06/24/17 09:27,123,141,80,373,67,19
06/24/17 09:27,66,206,188,85,1,15
06/24/17 09:27,31,298,120,400,16,6
06/24/17 09:27,92,199,81,297,20,27
06/24/17 09:27,169,150,137,120,48,21
06/24/17 09:27,170,5,239,865,54,4
06/24/17 09:27,62,228,74,604,77,14
06/24/17 09:27,61,283,68,732,54,1
06/24/17 09:27,11,66,59,669,140,2
06/24/17 09:27,11,220,226,90,80,16
06/24/17 09:27,83,204,74,845,136,11
06/24/17 09:27,97,231,243,809,52,13
06/24/17 09:27,95,120,245,936,107,13
06/24/17 09:27,118,4,35,716,74,7
06/24/17 09:27,38,95,14,124,26,22
06/24/17 09:27,194,131,97,149,54,17
06/24/17 09:27,113,38,191,394,89,28
06/24/17 09:27,177,294,60,485,132,22
06/24/17 09:27,41,88,2,305,97,8
06/24/17 09:27,128,273,234,397,108,24
06/24/17 09:27,169,129,25,359,53,21
06/24/17 09:27,2,215,51,338,127,29
06/24/17 09:27,56,37,226,471,98,1
06/24/17 09:27,10,48,218,656,98,26
06/24/17 09:27,15,231,138,78,37,2
06/24/17 09:27,120,16,89,513,146,24
06/24/17 09:27,199,285,194,162,145,22
06/24/17 09:27,153,216,115,311,149,6
06/24/17 09:27,148,138,250,904,2,25
06/24/17 09:27,0,266,141,47,68,29
06/24/17 09:27,142,97,29,883,124,10
06/24/17 09:27,0,297,163,549,98,15
06/24/17 09:27,74,165,159,0,138,23
06/24/17 09:27,9,96,246,358,77,21
06/24/17 09:27,24,293,73,409,116,7
06/24/17 09:27,194,100,137,882,7,2
06/24/17 09:27,14,250,147,798,75,29
06/24/17 09:27,10,62,223,856,87,11
06/24/17 09:27,50,230,45,751,143,25
06/24/17 09:27,108,267,73,910,147,21
06/24/17 09:27,58,39,168,585,138,21
06/24/17 09:27,42,26,84,972,30,23
06/24/17 09:27,150,142,164,455,113,12
06/24/17 09:27,9,147,84,563,18,8
06/24/17 09:27,28,153,104,692,112,23
06/24/17 09:27,139,62,129,561,79,3
06/24/17 09:27,109,223,121,849,76,24
06/24/17 09:27,21,17,30,325,0,7
06/24/17 09:27,26,93,223,313,74,7
06/24/17 09:27,148,40,181,359,143,27
06/24/17 09:27,128,190,215,433,109,26
06/24/17 09:27,101,298,8,879,49,17
06/24/17 09:27,127,234,33,309,33,15
06/24/17 09:27,45,17,115,55,46,5
06/24/17 09:27,64,275,207,202,142,7
06/24/17 09:27,1,195,14,539,94,5
06/24/17 09:27,200,67,228,854,146,25
06/24/17 09:27,146,240,19,987,122,14
06/24/17 09:27,82,152,16,200,82,19
06/24/17 09:27,187,1,27,73,33,16
06/24/17 09:27,99,3,164,991,72,22
06/24/17 09:27,52,15,103,213,121,8
06/24/17 09:27,82,237,206,444,41,20
06/24/17 09:27,65,299,94,17,139,5
06/24/17 09:27,148,2,14,730,104,12
06/24/17 09:27,94,261,243,546,142,1
06/24/17 09:27,99,199,215,112,24,10
06/24/17 09:27,128,120,190,734,27,26
06/24/17 09:27,34,213,198,748,76,8
06/24/17 09:27,121,41,137,256,83,25
06/24/17 09:27,98,136,224,536,115,30
06/24/17 09:27,164,202,32,840,140,4
06/24/17 09:27,175,70,12,214,51,1
06/24/17 09:27,90,66,129,896,124,22
06/24/17 09:27,124,224,166,875,43,23
06/24/17 09:27,137,243,74,448,140,17
06/24/17 09:27,39,33,207,347,57,30
06/24/17 09:27,138,52,10,542,113,26
06/24/17 09:27,99,288,195,443,113,29
06/24/17 09:27,131,150,172,139,67,11
06/24/17 09:27,85,6,208,901,31,12
06/24/17 09:27,123,242,129,631,102,11
06/24/17 09:27,98,167,226,331,78,15
06/24/17 09:27,155,31,248,14,114,28
06/24/17 09:27,178,233,119,380,58,2
06/24/17 09:27,2,288,181,590,127,22
06/24/17 09:27,121,137,71,16,91,16
06/24/17 09:27,3,26,139,973,94,18
06/24/17 09:27,164,191,184,894,96,22
06/24/17 09:27,121,94,236,574,42,28
06/24/17 09:27,2,103,78,795,115,6
06/24/17 09:27,169,255,33,795,115,20
06/24/17 09:27,110,31,81,940,17,11
06/24/17 09:27,153,111,70,497,124,8
06/24/17 09:27,194,67,66,780,125,9
06/24/17 09:27,143,93,125,429,1,24
06/24/17 09:27,129,244,96,882,48,28
06/24/17 09:27,80,68,63,779,128,1
06/24/17 09:27,85,219,183,425,19,24
06/24/17 09:27,54,154,144,203,128,28
06/24/17 09:27,33,181,112,526,89,17
06/24/17 09:27,57,58,111,618,85,12
06/24/17 09:27,189,96,22,788,97,25
06/24/17 09:27,67,249,213,378,90,12
06/24/17 09:27,139,213,140,594,79,2
06/24/17 09:27,61,116,64,329,78,24
06/24/17 09:27,178,36,173,98,91,10
06/24/17 09:27,159,54,14,445,51,18
06/24/17 09:27,187,262,199,835,88,14
06/24/17 09:27,42,181,131,284,115,8
06/24/17 09:27,177,39,119,665,74,13
06/24/17 09:27,146,156,160,175,114,5
06/24/17 09:27,69,125,160,748,11,6
06/24/17 09:27,196,254,129,62,90,24
06/24/17 09:27,48,33,190,759,91,20
06/24/17 09:27,115,77,55,96,44,30
06/24/17 09:27,50,173,85,384,88,13
06/24/17 09:27,137,44,5,575,81,28
06/24/17 09:27,82,268,180,376,89,1
06/24/17 09:27,44,185,81,52,8,1
06/24/17 09:27,89,157,222,696,143,30
06/24/17 09:27,47,220,91,200,134,29
06/24/17 09:27,95,111,216,657,55,29
06/24/17 09:27,48,161,18,116,24,17
06/24/17 09:27,118,136,141,559,76,15
06/24/17 09:27,132,163,20,280,58,2
06/24/17 09:27,74,290,68,988,12,15
06/24/17 09:27,10,71,89,155,61,5
06/24/17 09:27,93,181,25,406,12,24
06/24/17 09:27,57,207,134,621,19,26
06/24/17 09:27,170,294,161,642,26,13
06/24/17 09:27,94,64,230,136,135,11
06/24/17 09:27,33,274,74,794,48,30
06/24/17 09:27,151,151,94,202,77,1
06/24/17 09:27,66,141,38,491,138,23
06/24/17 09:27,61,141,57,652,47,18
06/24/17 09:27,200,136,233,140,95,12
06/24/17 09:27,0,198,82,499,82,2
06/24/17 09:27,183,83,159,681,73,9
06/24/17 09:27,115,87,240,386,44,10
06/24/17 09:27,135,144,93,385,132,20
06/24/17 09:27,61,164,228,332,11,30
06/24/17 09:27,139,127,63,259,52,6
06/24/17 09:27,185,97,179,13,132,22
06/24/17 09:27,154,52,122,743,118,22
06/24/17 09:27,195,32,76,842,131,15
06/24/17 09:27,189,22,120,493,93,21
06/24/17 09:27,10,92,43,976,107,15
06/24/17 09:27,2,80,57,388,56,16
06/24/17 09:27,53,240,211,478,49,13
06/24/17 09:27,79,36,43,315,56,7
06/24/17 09:27,95,86,146,765,36,1
06/24/17 09:27,119,299,210,897,129,4
06/24/17 09:27,154,116,89,954,7,29
06/24/17 09:27,171,214,143,259,110,14
06/24/17 09:27,187,50,196,821,101,16
06/24/17 09:27,176,24,42,371,98,30
06/24/17 09:27,141,72,138,739,117,9
06/24/17 09:27,4,155,21,920,14,18
06/24/17 09:27,108,84,129,922,81,26
06/24/17 09:27,145,239,123,781,99,25
06/24/17 09:27,28,109,63,849,134,13
06/24/17 09:27,183,293,158,372,79,27
06/24/17 09:27,138,129,209,708,95,6
06/24/17 09:27,100,215,209,722,31,30
06/24/17 09:27,49,245,85,865,47,11
06/24/17 09:27,33,214,8,307,39,4
06/24/17 09:27,26,103,119,999,143,27
06/24/17 09:27,20,259,49,931,131,26
06/24/17 09:27,12,273,160,356,108,29
06/24/17 09:27,57,109,77,276,53,21
06/24/17 09:27,43,270,141,396,88,27
06/24/17 09:27,130,87,172,516,26,11
06/24/17 09:27,16,9,205,179,126,7
06/24/17 09:27,55,0,172,423,51,11
06/24/17 09:27,11,203,90,508,6,28
06/24/17 09:27,20,300,40,659,143,24
06/24/17 09:27,165,113,124,18,15,18
06/24/17 09:27,111,191,83,401,71,19
06/24/17 09:27,164,33,126,118,34,8
06/24/17 09:27,54,76,39,799,123,27
06/24/17 09:27,186,16,82,853,134,1
06/24/17 09:27,42,95,152,99,32,9
06/24/17 09:27,119,48,94,935,34,1
06/24/17 09:27,175,78,192,124,141,12
06/24/17 09:27,159,285,160,521,67,27
06/24/17 09:27,46,139,153,62,68,6
06/24/17 09:27,169,54,38,997,145,8
06/24/17 09:27,105,150,249,768,23,6
06/24/17 09:27,114,216,172,521,101,28
06/24/17 09:27,139,30,149,538,17,23
06/24/17 09:27,92,176,35,819,115,8
06/24/17 09:27,200,284,54,460,5,14
06/24/17 09:27,12,278,179,977,46,3
06/24/17 09:27,189,143,214,840,5,26
06/24/17 09:27,15,241,94,611,146,5
06/24/17 09:27,96,267,82,749,134,15
06/24/17 09:27,51,192,112,860,127,12
06/24/17 09:27,66,19,168,273,39,24
06/24/17 09:27,98,270,32,713,73,19
06/24/17 09:27,122,288,150,971,150,16
06/24/17 09:27,188,226,35,156,105,25
06/24/17 09:27,40,36,111,871,81,13
06/24/17 09:27,129,246,28,846,111,19
06/24/17 09:27,131,284,18,222,2,25
06/24/17 09:27,78,102,146,177,121,10
06/24/17 09:27,23,16,31,850,68,14
06/24/17 09:27,25,230,96,934,44,4
06/24/17 09:27,153,75,6,343,100,5
06/24/17 09:27,103,87,143,494,117,7
06/24/17 09:27,175,119,32,429,5,12
06/24/17 09:27,129,132,224,865,116,11
06/24/17 09:27,28,150,14,866,107,16
06/24/17 09:27,150,10,136,165,138,24
06/24/17 09:27,46,97,187,90,89,1
06/24/17 09:27,108,88,247,215,82,5
06/24/17 09:27,139,186,239,132,56,19
06/24/17 09:27,23,90,206,680,95,8
06/24/17 09:27,146,273,211,822,97,26
06/24/17 09:27,112,181,69,252,27,12
06/24/17 09:27,35,114,236,394,57,6
06/24/17 09:27,195,3,68,955,89,17
06/24/17 09:27,18,286,103,692,149,2
06/24/17 09:27,6,260,197,632,68,24
06/24/17 09:27,162,198,221,218,115,6
06/24/17 09:27,116,11,74,808,67,16
06/24/17 09:27,98,260,161,232,61,5
06/24/17 09:27,166,22,225,827,122,30
06/24/17 09:27,120,56,203,58,121,2
06/24/17 09:27,176,208,21,203,38,25
06/24/17 09:27,77,274,139,916,134,15
06/24/17 09:27,37,212,44,486,50,1
06/24/17 09:27,11,176,217,710,30,24
06/24/17 09:27,181,85,48,14,138,9
06/24/17 09:27,17,68,189,638,52,16
06/24/17 09:27,149,107,56,96,148,23
06/24/17 09:27,152,236,127,157,41,25
06/24/17 09:27,168,246,73,858,41,29
06/24/17 09:27,162,30,204,445,127,21
06/24/17 09:27,100,275,70,819,16,30
06/24/17 09:27,40,163,70,682,84,15
06/24/17 09:27,177,216,94,722,97,11
06/24/17 09:27,12,92,126,48,122,10
06/24/17 09:27,88,85,146,374,94,24
06/24/17 09:27,42,178,184,553,110,14
06/24/17 09:27,3,266,138,263,35,5
06/24/17 09:27,38,298,56,332,92,3
06/24/17 09:27,63,82,170,191,98,21
06/24/17 09:27,126,160,122,165,43,20
06/24/17 09:27,84,183,202,529,28,29
06/24/17 09:27,145,14,208,293,89,4
06/24/17 09:27,14,18,240,473,76,15
06/24/17 09:27,135,123,222,37,48,12
06/24/17 09:27,73,181,250,694,64,27
06/24/17 09:27,186,59,137,298,49,21
06/24/17 09:27,50,133,178,482,47,27
06/24/17 09:27,33,111,23,736,36,16
06/24/17 09:27,10,8,21,483,69,20
06/24/17 09:27,75,60,166,848,62,4
06/24/17 09:27,164,42,249,364,70,8
06/24/17 09:27,19,51,137,199,112,1
06/24/17 09:27,126,57,0,977,94,2
06/24/17 09:27,136,247,97,273,99,12
06/24/17 09:27,188,226,104,936,143,3
06/24/17 09:27,89,248,21,81,8,22
06/24/17 09:27,94,280,139,821,109,18
06/24/17 09:27,74,87,113,218,70,13
06/24/17 09:27,123,14,220,818,42,13
06/24/17 09:27,151,287,224,457,83,14
06/24/17 09:27,16,77,8,798,66,3
06/24/17 09:27,100,232,231,445,45,11
06/24/17 09:27,54,87,68,998,81,29
06/24/17 09:27,103,192,73,143,85,3
06/24/17 09:27,56,143,146,571,35,8
06/24/17 09:27,45,89,113,152,56,4
06/24/17 09:27,64,241,163,134,19,11
06/24/17 09:27,119,96,24,952,42,21
06/24/17 09:27,72,123,122,616,116,30
06/24/17 09:27,87,32,87,611,37,29
06/24/17 09:27,156,141,137,403,22,12
06/24/17 09:27,187,160,139,412,67,20
06/24/17 09:27,14,289,220,334,92,14
06/24/17 09:27,197,34,106,771,89,20
06/24/17 09:27,48,146,41,855,143,17
06/24/17 09:27,117,85,194,778,84,12
06/24/17 09:27,194,155,115,140,125,2
06/24/17 09:27,135,65,1,855,20,28
06/24/17 09:27,29,41,166,636,85,3
06/24/17 09:27,45,253,196,963,60,27
06/24/17 09:27,137,256,6,254,130,27
06/24/17 09:27,41,220,62,470,0,10
06/24/17 09:27,42,18,44,518,78,18
06/24/17 09:27,94,2,163,441,112,14
06/24/17 09:27,160,279,225,19,71,9
06/24/17 09:27,2,233,55,393,29,29
06/24/17 09:27,49,240,122,372,116,20
06/24/17 09:27,18,232,35,134,128,3
06/24/17 09:27,136,114,232,127,129,22
06/24/17 09:27,123,204,50,168,97,1
06/24/17 09:27,80,266,166,883,141,28
06/24/17 09:27,165,292,203,239,42,17
06/24/17 09:27,36,44,119,316,92,7
06/24/17 09:27,191,162,223,853,4,16
06/24/17 09:27,48,132,63,554,42,29
06/24/17 09:27,122,155,102,660,135,17
06/24/17 09:27,88,111,192,303,94,29
06/24/17 09:27,6,201,152,231,60,21
06/24/17 09:27,200,194,159,990,132,19
06/24/17 09:27,9,108,216,429,70,4
06/24/17 09:27,63,145,4,533,99,3
06/24/17 09:27,29,215,172,382,127,18
06/24/17 09:27,25,289,43,499,138,4
06/24/17 09:27,99,263,118,872,14,28
06/24/17 09:27,150,34,188,548,122,26
06/24/17 09:27,76,283,179,387,33,13
06/24/17 09:27,165,262,56,372,59,15
06/24/17 09:27,84,189,110,558,22,16
06/24/17 09:27,193,126,182,618,118,7
06/24/17 09:27,83,201,20,535,17,1
06/24/17 09:27,92,7,246,277,94,20
06/24/17 09:27,1,200,166,15,130,24
06/24/17 09:27,32,182,242,506,79,9
06/24/17 09:27,145,143,149,564,65,7
06/24/17 09:27,170,249,132,802,50,15
06/24/17 09:27,51,209,213,250,38,17
06/24/17 09:27,122,161,48,424,68,18
06/24/17 09:27,94,300,203,60,78,30
06/24/17 09:27,121,291,220,181,91,16
06/24/17 09:27,22,5,162,411,118,17
06/24/17 09:27,168,6,98,554,68,14
06/24/17 09:27,105,112,0,459,142,16
06/24/17 09:27,98,6,179,783,143,8
06/24/17 09:27,144,254,220,431,27,23
06/24/17 09:27,49,103,160,467,72,23
06/24/17 09:27,159,298,42,825,81,18
06/24/17 09:27,130,239,147,735,132,3
06/24/17 09:27,18,50,170,973,42,12
06/24/17 09:27,153,158,169,70,125,22
06/24/17 09:27,194,46,35,625,144,21
06/24/17 09:27,30,275,185,832,77,10
06/24/17 09:27,200,201,136,202,17,12
06/24/17 09:27,156,260,163,605,62,13
06/24/17 09:27,82,183,153,805,63,1
06/24/17 09:27,96,15,84,500,102,16
06/24/17 09:27,33,238,228,201,69,18
06/24/17 09:27,53,207,196,888,124,1
06/24/17 09:27,152,99,0,497,37,29
06/24/17 09:27,34,259,169,405,93,20
06/24/17 09:27,20,244,45,571,95,6
06/24/17 09:27,63,30,247,489,0,24
06/24/17 09:27,27,261,201,786,28,28
06/24/17 09:27,113,70,229,814,106,26
06/24/17 09:27,30,252,166,969,69,11
06/24/17 09:27,199,189,46,398,96,10
06/24/17 09:27,12,60,199,98,129,12
06/24/17 09:27,77,253,172,510,43,8
06/24/17 09:27,191,174,133,668,63,2
06/24/17 09:27,140,92,14,754,42,12
06/24/17 09:27,54,225,197,125,107,2
06/24/17 09:27,57,284,245,193,135,25
06/24/17 09:27,15,175,247,364,37,24
06/24/17 09:27,18,113,156,169,34,23
06/24/17 09:27,122,208,91,494,22,19
06/24/17 09:27,88,239,104,698,141,27
06/24/17 09:27,161,166,108,928,120,3
06/24/17 09:27,19,187,64,472,148,23
06/24/17 09:27,122,197,54,103,104,7
06/24/17 09:27,41,227,213,630,61,5
06/24/17 09:27,98,33,241,619,83,2
06/24/17 09:27,165,18,243,714,120,9
06/24/17 09:27,3,68,85,589,146,8
06/24/17 09:27,187,61,73,861,97,16
06/24/17 09:27,36,142,227,137,108,18
06/24/17 09:27,183,166,164,82,138,10
06/24/17 09:27,117,34,105,815,45,2
06/24/17 09:27,50,234,115,825,133,14
06/24/17 09:27,18,20,117,923,103,6
06/24/17 09:27,12,79,158,658,69,22
06/24/17 09:27,118,245,118,514,40,28
06/24/17 09:27,186,261,58,706,35,12
06/24/17 09:27,4,242,176,757,22,15
06/24/17 09:27,152,113,215,869,19,1
06/24/17 09:27,127,108,168,741,5,11
06/24/17 09:27,165,279,157,374,75,14
06/24/17 09:27,56,96,118,830,47,22
06/24/17 09:27,186,242,84,473,55,28
06/24/17 09:27,163,154,200,188,46,8
06/24/17 09:27,153,209,83,855,97,1
06/24/17 09:27,6,161,28,245,62,6
06/24/17 09:27,104,240,242,854,92,2
06/24/17 09:27,88,182,174,824,16,11
06/24/17 09:27,40,255,128,579,15,23
06/24/17 09:27,66,128,145,107,15,6
06/24/17 09:27,56,171,181,999,89,12
06/24/17 09:27,108,164,135,350,26,24
06/24/17 09:27,0,16,2,963,131,13
06/24/17 09:27,186,16,52,62,77,10
06/24/17 09:27,178,45,134,35,34,17
06/24/17 09:27,55,255,208,820,98,20
06/24/17 09:27,66,123,119,489,10,10
06/24/17 09:27,51,196,136,279,89,30
06/24/17 09:27,129,128,144,818,66,16
06/24/17 09:27,197,244,8,605,65,11
06/24/17 09:27,154,147,137,934,4,27
06/24/17 09:27,1,290,72,663,87,14
06/24/17 09:27,81,63,133,245,115,4
06/24/17 09:27,127,87,110,982,39,21
06/24/17 09:27,50,293,191,314,56,19
06/24/17 09:27,34,39,230,207,120,28
06/24/17 09:27,94,12,233,916,77,4
06/24/17 09:27,60,161,237,206,6,3
06/24/17 09:27,149,276,158,722,66,4
06/24/17 09:27,181,226,35,674,65,24
06/24/17 09:27,160,154,126,305,89,21
06/24/17 09:27,99,162,11,936,8,29
06/24/17 09:27,103,199,93,934,53,19
06/24/17 09:27,32,75,20,901,64,12
06/24/17 09:27,175,274,129,790,132,27
06/24/17 09:27,132,229,78,448,117,1
06/24/17 09:27,96,190,9,18,62,19
06/24/17 09:27,176,53,25,814,44,19
06/24/17 09:27,39,172,99,145,108,10
06/24/17 09:27,158,227,209,592,90,28
06/24/17 09:27,165,158,14,964,94,7
06/24/17 09:27,156,197,153,567,93,8
06/24/17 09:27,87,18,122,195,146,16
06/24/17 09:27,57,191,186,477,29,30
06/24/17 09:27,158,144,131,997,54,29
06/24/17 09:27,161,120,85,745,31,6
06/24/17 09:27,177,204,185,667,78,21
06/24/17 09:27,65,171,34,438,150,22
06/24/17 09:27,96,264,194,633,53,20
06/24/17 09:27,198,184,96,870,22,19
06/24/17 09:27,29,237,182,910,35,3
06/24/17 09:27,105,70,6,560,24,1
06/24/17 09:27,117,201,144,577,126,3
06/24/17 09:27,31,67,36,195,131,18
06/24/17 09:27,40,237,233,50,110,11
06/24/17 09:27,107,205,134,912,19,3
06/24/17 09:27,48,77,125,762,145,22
06/24/17 09:27,35,90,161,584,137,4
06/24/17 09:27,96,23,104,378,98,10
06/24/17 09:27,49,173,215,633,84,1
06/24/17 09:27,50,76,80,513,68,10
06/24/17 09:27,65,5,97,595,72,23
06/24/17 09:27,187,213,36,115,92,23
06/24/17 09:27,198,102,195,970,55,2
06/24/17 09:27,195,116,83,508,143,20
06/24/17 09:27,100,139,27,8,26,26
06/24/17 09:27,129,9,60,844,132,11
06/24/17 09:27,198,251,180,206,17,6
06/24/17 09:27,112,288,219,894,1,14
06/24/17 09:27,3,214,216,563,146,15
06/24/17 09:27,63,199,18,987,96,7
06/24/17 09:27,170,264,189,77,45,21
06/24/17 09:27,69,6,190,158,22,9
06/24/17 09:27,152,78,78,243,126,2
06/24/17 09:27,113,142,53,687,122,7
06/24/17 09:27,82,198,183,499,70,18
06/24/17 09:27,190,137,104,641,60,6
06/24/17 09:27,42,191,143,124,132,4
06/24/17 09:27,156,271,191,99,125,10
06/24/17 09:27,41,194,113,905,23,29
06/24/17 09:27,82,290,94,998,49,2
06/24/17 09:27,12,13,142,958,97,22
06/24/17 09:27,48,32,26,309,33,14
06/24/17 09:27,171,210,185,85,18,24
06/24/17 09:27,91,184,218,127,4,13
06/24/17 09:27,161,209,122,425,136,28
06/24/17 09:27,108,279,89,951,139,27
06/24/17 09:27,108,247,144,810,30,23
06/24/17 09:27,86,251,182,552,126,20
06/24/17 09:27,33,232,174,575,7,10
06/24/17 09:27,99,255,39,180,6,27
06/24/17 09:27,174,25,175,92,32,14
06/24/17 09:27,148,195,196,919,70,11
06/24/17 09:27,132,198,34,67,115,10
06/24/17 09:27,115,141,75,403,107,16
06/24/17 09:27,42,284,164,647,118,9
06/24/17 09:27,60,220,12,984,104,10
06/24/17 09:27,155,292,205,241,131,7
06/24/17 09:27,104,147,157,538,60,30
06/24/17 09:27,58,235,34,374,4,8
06/24/17 09:27,151,209,219,740,33,25
06/24/17 09:27,81,102,29,204,93,7
06/24/17 09:27,2,150,122,273,100,19
06/24/17 09:27,49,46,121,563,14,11
06/24/17 09:27,35,206,120,931,143,6
06/24/17 09:27,100,223,143,800,71,12
06/24/17 09:27,100,288,161,442,28,2
06/24/17 09:27,197,148,224,504,40,29
06/24/17 09:27,120,24,92,139,37,5
06/24/17 09:27,122,190,108,124,79,17
06/24/17 09:27,27,42,72,256,64,26
06/24/17 09:27,73,140,156,683,112,19
06/24/17 09:27,162,299,9,754,141,10
06/24/17 09:27,68,144,191,104,7,11
06/24/17 09:27,18,14,47,704,88,6
06/24/17 09:27,121,62,166,441,21,13
06/24/17 09:27,108,146,135,951,144,15
06/24/17 09:27,186,103,106,176,149,2
06/24/17 09:27,151,38,47,2,54,3
06/24/17 09:27,97,26,103,667,147,27
06/24/17 09:27,199,122,230,543,38,17
06/24/17 09:27,50,205,40,865,65,18
06/24/17 09:27,125,190,9,591,134,9
06/24/17 09:27,109,229,72,417,94,2
06/24/17 09:27,79,94,203,681,114,10
06/24/17 09:27,121,197,88,944,40,23
06/24/17 09:27,56,65,34,849,62,17
06/24/17 09:27,28,4,136,746,141,13
06/24/17 09:27,181,78,147,336,18,28
06/24/17 09:27,172,292,188,640,27,9
06/24/17 09:27,62,15,15,208,90,27
06/24/17 09:27,65,130,235,175,23,14
06/24/17 09:27,161,187,113,946,87,13
06/24/17 09:27,114,223,27,433,93,24
06/24/17 09:27,13,83,51,475,93,1
06/24/17 09:27,57,137,238,545,132,23
06/24/17 09:27,131,156,163,540,68,24
06/24/17 09:27,131,68,189,885,12,29
06/24/17 09:27,177,183,124,676,137,16
06/24/17 09:27,132,9,207,12,44,20
06/24/17 09:27,77,199,128,292,78,5
06/24/17 09:27,152,259,157,254,75,14
06/24/17 09:27,142,136,22,399,42,9
06/24/17 09:27,41,267,240,629,127,16
06/24/17 09:27,65,136,247,886,44,25
06/24/17 09:27,56,99,247,232,76,20
06/24/17 09:27,73,81,90,944,46,16
06/24/17 09:27,56,281,113,657,85,18
06/24/17 09:27,41,135,59,626,76,30
06/24/17 09:27,160,270,47,625,42,10
06/24/17 09:27,109,123,127,487,96,1
06/24/17 09:27,86,288,3,364,62,6
06/24/17 09:27,110,82,17,219,88,23
06/24/17 09:27,185,275,226,260,23,28
06/24/17 09:27,166,104,48,563,124,11
06/24/17 09:27,158,68,108,642,124,12
06/24/17 09:27,110,129,31,165,80,27
06/24/17 09:27,21,202,248,723,19,23
06/24/17 09:27,62,180,237,855,47,27
06/24/17 09:27,180,33,239,394,133,30
06/24/17 09:27,152,274,49,113,126,2
06/24/17 09:27,9,7,31,384,33,12
06/24/17 09:27,134,252,116,95,57,29
06/24/17 09:27,191,77,11,371,0,25
06/24/17 09:27,97,221,112,714,89,30
06/24/17 09:27,200,78,11,263,119,4
06/24/17 09:27,132,100,90,891,97,4
06/24/17 09:27,125,265,101,925,32,23
06/24/17 09:27,14,250,210,760,59,23
06/24/17 09:27,171,183,97,61,61,7
06/24/17 09:27,46,221,129,178,61,28
06/24/17 09:27,97,294,157,270,89,24
06/24/17 09:27,86,1,39,414,135,8
06/24/17 09:27,184,286,15,196,96,14
06/24/17 09:27,133,256,173,767,33,11
06/24/17 09:27,83,63,249,133,38,23
06/24/17 09:27,172,225,74,196,23,7
06/24/17 09:27,157,269,249,774,144,30
06/24/17 09:27,69,184,45,354,89,17
06/24/17 09:27,147,9,232,392,16,27
06/24/17 09:27,179,192,221,980,55,11
06/24/17 09:27,11,287,65,937,22,14
06/24/17 09:27,168,60,105,428,77,12
06/24/17 09:27,152,127,37,908,86,26
06/24/17 09:27,199,176,165,796,68,13
06/24/17 09:27,99,272,6,121,5,27
06/24/17 09:27,49,29,118,628,44,3
06/24/17 09:27,32,173,117,460,144,28
06/24/17 09:27,60,234,104,980,149,28
06/24/17 09:27,171,256,202,832,107,19
06/24/17 09:27,150,167,214,82,32,19
06/24/17 09:27,191,236,198,652,37,25
06/24/17 09:27,3,204,222,273,132,12
06/24/17 09:27,146,30,226,792,94,9
06/24/17 09:27,76,24,88,921,130,20
06/24/17 09:27,132,132,92,972,11,8
06/24/17 09:27,123,34,18,548,63,27
06/24/17 09:27,17,29,115,287,129,21
06/24/17 09:27,104,115,125,772,140,16
06/24/17 09:27,13,46,38,900,113,25
06/24/17 09:27,31,41,34,852,138,4
06/24/17 09:27,124,266,84,176,129,16
06/24/17 09:27,65,206,68,814,39,13
06/24/17 09:27,77,227,127,843,63,13
06/24/17 09:27,38,187,201,197,30,22
06/24/17 09:27,113,256,127,383,7,21
06/24/17 09:27,7,114,169,947,28,9
06/24/17 09:27,170,286,103,625,15,3
06/24/17 09:27,57,112,195,658,21,19
06/24/17 09:27,147,101,51,444,113,22
06/24/17 09:27,103,225,5,550,75,18
06/24/17 09:27,94,291,53,430,107,2
06/24/17 09:27,194,54,75,878,75,23
06/24/17 09:27,112,246,19,291,103,23
06/24/17 09:27,68,191,228,75,23,29
06/24/17 09:27,73,226,63,293,133,7
06/24/17 09:27,4,101,81,799,113,19
06/24/17 09:27,184,225,83,131,42,15
06/24/17 09:27,122,227,102,709,87,27
06/24/17 09:27,160,102,98,956,88,24
06/24/17 09:27,121,34,92,838,44,21
06/24/17 09:27,112,24,154,724,19,25
06/24/17 09:27,69,29,12,672,135,9
06/24/17 09:27,78,12,194,696,143,4
06/24/17 09:27,53,257,81,830,130,15
06/24/17 09:27,77,92,28,451,34,18
06/24/17 09:27,174,209,76,41,114,24
06/24/17 09:27,69,55,112,52,8,18
06/24/17 09:27,47,27,197,508,60,6
06/24/17 09:27,117,88,52,188,25,28
06/24/17 09:27,32,155,121,920,64,5
06/24/17 09:27,91,196,223,736,51,7
06/24/17 09:27,20,284,182,848,116,14
06/24/17 09:27,107,289,84,915,27,3
06/24/17 09:27,91,111,106,700,35,14
06/24/17 09:27,133,152,183,72,64,3
06/24/17 09:27,200,23,126,275,125,3
06/24/17 09:27,83,74,65,779,121,5
06/24/17 09:27,17,115,118,621,71,28
06/24/17 09:27,92,145,72,122,78,22
06/24/17 09:27,109,207,228,479,27,16
06/24/17 09:27,151,262,182,158,150,28
06/24/17 09:27,65,92,241,378,137,10
06/24/17 09:27,157,288,63,320,25,15
06/24/17 09:27,63,161,12,402,66,13
06/24/17 09:27,93,104,159,437,79,15
06/24/17 09:27,116,170,70,544,56,21
06/24/17 09:27,13,179,142,114,51,24
06/24/17 09:27,197,101,164,828,113,29
06/24/17 09:27,52,170,37,746,66,25
06/24/17 09:27,150,168,121,79,29,6
06/24/17 09:27,41,92,120,349,20,28
06/24/17 09:27,21,55,23,75,52,9
06/24/17 09:27,93,118,46,516,50,29
06/24/17 09:27,18,88,83,860,71,20
06/24/17 09:27,98,126,47,595,120,8
06/24/17 09:27,86,203,164,771,130,11
06/24/17 09:27,140,38,47,62,81,1
06/24/17 09:27,56,300,165,908,57,17
06/24/17 09:27,81,190,31,165,97,24
06/24/17 09:27,19,213,32,903,52,14
06/24/17 09:27,62,192,57,44,86,19
06/24/17 09:27,49,169,55,238,93,15
06/24/17 09:27,108,116,195,230,58,22
06/24/17 09:27,142,94,193,2,149,3
06/24/17 09:27,17,267,242,905,95,1
06/24/17 09:27,46,112,133,852,72,24
06/24/17 09:27,66,268,38,78,47,25
06/24/17 09:27,18,34,151,559,44,15
06/24/17 09:27,23,270,210,75,73,7
06/24/17 09:27,181,34,94,162,97,3
06/24/17 09:27,142,297,211,884,11,15
06/24/17 09:27,86,200,37,893,83,26
06/24/17 09:27,111,103,16,242,130,9
06/24/17 09:27,106,199,80,845,123,27
06/24/17 09:27,141,175,137,252,146,7
06/24/17 09:27,76,21,1,709,58,2
06/24/17 09:27,18,87,247,674,128,20
06/24/17 09:27,95,100,193,752,28,3
06/24/17 09:27,184,96,47,509,74,3
06/24/17 09:27,185,246,96,423,141,17
06/24/17 09:27,127,166,81,475,80,27
06/24/17 09:27,151,202,31,586,148,13
06/24/17 09:27,40,12,237,250,68,7
06/24/17 09:27,119,286,10,889,130,28
06/24/17 09:27,149,68,113,330,74,23
06/24/17 09:27,103,286,111,616,96,25
06/24/17 09:27,73,145,68,686,25,21
06/24/17 09:27,161,249,86,223,49,26
06/24/17 09:27,37,129,88,237,132,23
06/24/17 09:27,100,92,200,364,30,12
06/24/17 09:27,140,33,44,540,13,12
06/24/17 09:27,97,23,99,492,67,13
06/24/17 09:27,7,220,116,942,123,5
06/24/17 09:27,179,281,216,943,10,18
06/24/17 09:27,71,6,2,808,19,25
06/24/17 09:27,80,99,54,614,79,9
06/24/17 09:27,101,87,86,258,96,19
06/24/17 09:27,59,218,49,132,37,7
06/24/17 09:27,83,95,71,972,63,24
06/24/17 09:27,190,254,83,369,77,22
06/24/17 09:27,87,189,243,29,124,28
06/24/17 09:27,125,178,237,285,129,1
06/24/17 09:27,73,263,130,621,35,5
06/24/17 09:27,77,12,11,339,117,25
06/24/17 09:27,73,21,102,371,134,2
06/24/17 09:27,169,261,62,785,54,28
06/24/17 09:27,147,285,200,549,7,8
06/24/17 09:27,143,284,153,316,125,8
06/24/17 09:27,158,237,74,55,121,4
06/24/17 09:27,196,210,102,549,34,29
06/24/17 09:27,119,144,28,664,143,19
06/24/17 09:27,46,271,167,182,25,28
06/24/17 09:27,120,255,172,308,147,7
06/24/17 09:27,69,246,159,261,109,13
06/24/17 09:27,151,34,89,511,7,1
06/24/17 09:27,131,242,61,441,4,28
06/24/17 09:27,138,105,201,302,10,14
06/24/17 09:27,29,197,62,430,37,8
06/24/17 09:27,181,282,164,877,117,3
06/24/17 09:27,64,172,119,775,138,4
06/24/17 09:27,89,201,149,381,37,21
06/24/17 09:27,70,193,65,31,49,5
06/24/17 09:27,172,138,215,227,50,17
06/24/17 09:27,140,83,28,684,32,11
06/24/17 09:27,0,125,166,583,102,8
06/24/17 09:27,39,269,205,110,2,17
06/24/17 09:27,158,99,24,968,108,8
06/24/17 09:27,38,226,8,46,71,4
06/24/17 09:27,76,159,201,905,135,28
06/24/17 09:27,20,288,201,34,54,17
06/24/17 09:27,68,177,84,675,9,25
06/24/17 09:27,55,273,240,497,129,30
06/24/17 09:27,48,59,92,235,125,19
06/24/17 09:27,136,273,141,449,95,24
06/24/17 09:27,166,63,152,295,79,19
06/24/17 09:27,151,230,16,870,110,13
06/24/17 09:27,157,243,192,366,45,4
06/24/17 09:27,35,82,56,4,99,13
06/24/17 09:27,116,69,66,398,2,15
06/24/17 09:27,193,71,156,440,10,15
