06/24/17 09:27,16,230,230,641,47,30
06/24/17 09:27,84,28,168,422,62,8
06/24/17 09:27,13,138,156,133,35,14
06/24/17 09:27,185,164,40,338,56,12
06/24/17 09:27,165,272,44,859,138,14
06/24/17 09:27,37,192,98,509,31,10
06/24/17 09:27,96,291,228,807,77,8
06/24/17 09:27,19,153,38,154,68,23
06/24/17 09:27,98,5,61,374,65,3
06/24/17 09:27,3,73,211,65,108,30
06/24/17 09:27,195,175,174,757,144,19
06/24/17 09:27,25,86,204,801,42,23
06/24/17 09:27,132,97,134,936,94,14
06/24/17 09:27,120,228,211,718,123,9
06/24/17 09:27,142,262,0,63,74,23
06/24/17 09:27,177,122,161,441,105,23
06/24/17 09:27,107,223,213,202,60,30
06/24/17 09:27,143,53,185,479,83,16
06/24/17 09:27,90,45,220,802,95,18
06/24/17 09:27,105,291,85,904,144,11
06/24/17 09:27,33,4,186,201,98,19
06/24/17 09:27,23,149,37,949,112,14
06/24/17 09:27,116,166,147,262,117,4
06/24/17 09:27,32,243,190,408,124,3
06/24/17 09:27,173,203,8,989,5,26
06/24/17 09:27,87,46,56,435,73,5
06/24/17 09:27,121,181,124,751,2,12
06/24/17 09:27,35,167,95,31,37,12
06/24/17 09:27,26,228,93,810,45,4
06/24/17 09:27,31,5,185,790,120,19
06/24/17 09:27,112,282,118,11,102,17
06/24/17 09:27,195,198,167,741,85,12
06/24/17 09:27,199,297,126,291,29,2
06/24/17 09:27,118,71,82,181,109,25
06/24/17 09:27,163,69,198,652,26,26
06/24/17 09:27,178,235,146,56,35,21
06/24/17 09:27,178,278,110,205,38,5
06/24/17 09:27,48,158,80,637,3,21
06/24/17 09:27,158,196,48,448,115,9
06/24/17 09:27,70,154,57,540,120,4
06/24/17 09:27,4,161,40,72,38,21
06/24/17 09:27,175,80,193,26,9,26
06/24/17 09:27,126,49,58,332,31,15
06/24/17 09:27,159,197,41,291,76,16
06/24/17 09:27,172,166,207,70,131,23
06/24/17 09:27,146,214,219,830,148,6
06/24/17 09:27,120,111,137,576,109,28
06/24/17 09:27,191,182,182,609,136,10
06/24/17 09:27,49,35,202,492,64,26
06/24/17 09:27,166,268,164,640,138,12
06/24/17 09:27,83,270,146,190,62,19
06/24/17 09:27,125,0,56,53,7,1
06/24/17 09:27,174,102,14,215,14,23
06/24/17 09:27,78,48,32,863,12,19
06/24/17 09:27,127,57,141,305,145,30
06/24/17 09:27,182,71,66,579,76,27
06/24/17 09:27,19,97,79,513,36,14
06/24/17 09:27,200,57,188,16,59,24
06/24/17 09:27,61,172,52,289,26,21
06/24/17 09:27,101,148,20,84,83,18
06/24/17 09:27,134,109,222,612,64,15
06/24/17 09:27,35,30,201,610,2,9
06/24/17 09:27,178,234,77,354,64,11
06/24/17 09:27,187,209,53,322,32,24
06/24/17 09:27,186,269,231,345,149,14
06/24/17 09:27,15,161,177,434,100,27
06/24/17 09:27,104,26,219,233,115,6
06/24/17 09:27,108,146,29,590,134,30
06/24/17 09:27,152,220,123,796,77,3
06/24/17 09:27,191,86,248,392,75,27
06/24/17 09:27,29,159,193,179,102,11
06/24/17 09:27,43,220,79,164,128,23
06/24/17 09:27,197,111,229,369,21,17
06/24/17 09:27,75,112,42,675,91,9
06/24/17 09:27,41,137,146,487,38,20
06/24/17 09:27,136,231,6,662,1,16
06/24/17 09:27,128,5,242,364,46,3
06/24/17 09:27,189,242,247,533,109,9
06/24/17 09:27,163,42,115,508,142,12
06/24/17 09:27,157,20,67,51,72,19
06/24/17 09:27,185,65,186,294,66,14
06/24/17 09:27,140,131,152,114,36,29
06/24/17 09:27,1,50,120,445,78,17
06/24/17 09:27,36,275,182,628,40,22
06/24/17 09:27,89,238,91,669,85,17
06/24/17 09:27,25,218,22,330,24,24
06/24/17 09:27,7,28,24,626,122,25
06/24/17 09:27,25,133,43,509,41,3
06/24/17 09:27,112,14,233,623,144,8
06/24/17 09:27,144,17,67,297,25,20
06/24/17 09:27,173,13,208,761,118,3
06/24/17 09:27,40,90,5,482,143,14
06/24/17 09:27,76,6,128,817,76,14
06/24/17 09:27,120,23,35,555,95,28
06/24/17 09:27,137,125,131,212,136,27
06/24/17 09:27,94,203,9,652,132,28
06/24/17 09:27,76,19,63,685,70,13
06/24/17 09:27,88,171,75,773,150,13
06/24/17 09:27,144,23,222,915,99,17
06/24/17 09:27,101,118,185,755,18,26
06/24/17 09:27,59,95,222,116,88,15
06/24/17 09:27,163,109,36,567,95,30
06/24/17 09:27,45,253,137,236,118,9
06/24/17 09:27,83,171,140,664,57,23
06/24/17 09:27,85,272,144,765,57,4
06/24/17 09:27,177,293,112,604,126,12
06/24/17 09:27,123,76,223,975,122,9
06/24/17 09:27,160,277,191,675,10,27
06/24/17 09:27,87,94,170,855,148,11
06/24/17 09:27,19,236,191,180,71,22
06/24/17 09:27,117,292,223,878,124,1
06/24/17 09:27,150,64,191,816,39,25
06/24/17 09:27,145,232,80,381,34,5
06/24/17 09:27,112,294,87,375,150,20
06/24/17 09:27,150,67,144,483,65,4
06/24/17 09:27,194,53,57,340,127,23
06/24/17 09:27,2,145,236,611,139,29
06/24/17 09:27,50,225,104,16,51,5
06/24/17 09:27,126,128,58,22,4,19
06/24/17 09:27,186,165,140,873,16,7
06/24/17 09:27,34,27,67,254,73,13
06/24/17 09:27,148,72,26,79,149,26
06/24/17 09:27,9,293,145,610,5,25
06/24/17 09:27,54,216,69,787,45,10
06/24/17 09:27,25,92,141,999,78,14
06/24/17 09:27,49,168,57,482,72,12
06/24/17 09:27,103,160,108,516,4,20
06/24/17 09:27,91,35,58,150,114,2
06/24/17 09:27,195,263,90,478,81,20
06/24/17 09:27,49,183,197,966,143,3
06/24/17 09:27,121,244,249,108,1,9
06/24/17 09:27,188,238,237,155,37,21
06/24/17 09:27,199,93,32,609,133,7
06/24/17 09:27,114,283,134,860,138,5
06/24/17 09:27,93,70,104,508,110,7
06/24/17 09:27,46,258,192,402,3,26
06/24/17 09:27,165,121,15,6,51,20
06/24/17 09:27,119,11,194,723,73,12
06/24/17 09:27,195,131,26,986,113,11
06/24/17 09:27,46,86,219,857,0,23
06/24/17 09:27,135,7,59,681,5,19
06/24/17 09:27,127,96,198,983,85,28
06/24/17 09:27,178,293,164,577,43,17
06/24/17 09:27,73,95,126,976,86,29
06/24/17 09:27,6,112,97,56,98,2
06/24/17 09:27,81,116,16,187,134,26
06/24/17 09:27,76,65,196,829,99,2
06/24/17 09:27,171,28,77,258,148,19
06/24/17 09:27,47,33,162,747,135,2
06/24/17 09:27,5,294,241,495,52,7
06/24/17 09:27,68,26,209,72,100,7
06/24/17 09:27,53,169,131,17,72,12
06/24/17 09:27,19,298,79,536,20,5
06/24/17 09:27,28,256,208,400,94,4
06/24/17 09:27,142,49,3,994,21,6
06/24/17 09:27,66,222,3,763,16,25
06/24/17 09:27,102,173,53,62,104,11
06/24/17 09:27,6,28,32,155,132,17
06/24/17 09:27,22,94,122,568,145,23
06/24/17 09:27,182,236,211,528,72,20
06/24/17 09:27,124,114,158,358,53,15
06/24/17 09:27,67,2,130,821,72,18
06/24/17 09:27,162,142,217,198,103,25
06/24/17 09:27,2,235,17,196,52,21
06/24/17 09:27,171,195,165,566,121,10
06/24/17 09:27,11,265,229,968,84,30
06/24/17 09:27,19,93,43,313,12,30
06/24/17 09:27,113,225,220,232,74,1
06/24/17 09:27,9,139,247,914,20,9
06/24/17 09:27,143,128,54,559,107,12
06/24/17 09:27,48,102,49,702,127,30
06/24/17 09:27,59,241,76,747,101,4
06/24/17 09:27,68,113,180,122,40,30
06/24/17 09:27,178,27,125,304,54,21
06/24/17 09:27,42,75,56,218,18,25
06/24/17 09:27,10,181,82,862,98,7
06/24/17 09:27,105,135,75,12,118,15
06/24/17 09:27,140,36,51,252,24,2
06/24/17 09:27,129,109,75,456,65,27
06/24/17 09:27,109,96,214,449,121,15
06/24/17 09:27,125,148,180,677,67,7
06/24/17 09:27,188,275,19,106,36,15
06/24/17 09:27,93,223,46,282,46,15
06/24/17 09:27,5,160,111,906,125,6
06/24/17 09:27,26,206,5,435,99,9
06/24/17 09:27,1,21,135,267,16,26
06/24/17 09:27,7,6,60,481,131,13
06/24/17 09:27,38,139,124,332,73,5
06/24/17 09:27,75,294,114,726,87,13
06/24/17 09:27,111,218,201,867,14,1
06/24/17 09:27,191,47,103,873,93,4
06/24/17 09:27,67,67,92,669,121,13
06/24/17 09:27,112,152,114,764,104,8
06/24/17 09:27,19,138,225,766,21,7
06/24/17 09:27,101,197,54,483,55,13
06/24/17 09:27,60,211,217,850,11,3
06/24/17 09:27,124,2,207,200,42,19
06/24/17 09:27,100,72,250,292,3,29
06/24/17 09:27,162,49,168,489,103,28
06/24/17 09:27,44,201,70,862,31,4
06/24/17 09:27,99,289,210,30,19,8
06/24/17 09:27,47,185,21,596,100,10
06/24/17 09:27,147,297,161,393,145,5
06/24/17 09:27,28,274,27,207,145,4
06/24/17 09:27,2,66,185,738,100,2
06/24/17 09:27,118,182,11,351,149,18
06/24/17 09:27,79,128,35,988,10,2
06/24/17 09:27,143,3,220,580,104,5
06/24/17 09:27,147,229,227,322,7,13
06/24/17 09:27,130,48,199,617,134,18
06/24/17 09:27,80,33,59,244,27,7
06/24/17 09:27,200,183,212,69,63,21
06/24/17 09:27,128,151,62,874,16,14
06/24/17 09:27,139,287,26,160,80,14
06/24/17 09:27,87,162,178,369,46,6
06/24/17 09:27,153,278,76,620,56,3
06/24/17 09:27,158,238,58,711,134,6
06/24/17 09:27,37,37,79,529,146,8
06/24/17 09:27,12,58,202,558,113,22
06/24/17 09:27,115,146,202,33,36,20
06/24/17 09:27,23,227,191,412,81,24
06/24/17 09:27,191,200,46,883,40,18
06/24/17 09:27,111,120,187,768,79,29
06/24/17 09:27,183,121,209,191,26,1
06/24/17 09:27,35,168,173,574,125,11
06/24/17 09:27,166,252,69,322,38,6
06/24/17 09:27,84,55,165,974,87,3
06/24/17 09:27,5,171,152,472,4,13
06/24/17 09:27,199,89,215,946,90,30
06/24/17 09:27,144,218,159,972,70,19
06/24/17 09:27,101,280,175,632,38,26
06/24/17 09:27,98,93,15,676,135,17
06/24/17 09:27,36,115,175,885,138,30
06/24/17 09:27,169,242,36,294,147,12
06/24/17 09:27,49,7,211,924,111,2
06/24/17 09:27,11,37,229,909,118,13
06/24/17 09:27,46,39,27,803,62,28
06/24/17 09:27,152,140,185,473,42,18
06/24/17 09:27,13,244,74,722,94,28
06/24/17 09:27,32,255,80,331,122,13
06/24/17 09:27,115,12,141,362,80,17
06/24/17 09:27,71,205,188,432,106,5
06/24/17 09:27,156,272,4,112,34,22
06/24/17 09:27,34,210,155,390,35,29
06/24/17 09:27,46,176,42,304,119,20
06/24/17 09:27,100,4,106,390,91,13
06/24/17 09:27,84,210,236,521,133,24
06/24/17 09:27,90,217,177,817,65,1
06/24/17 09:27,76,108,154,623,16,10
06/24/17 09:27,35,152,162,986,5,16
06/24/17 09:27,16,274,220,328,31,13
06/24/17 09:27,134,203,179,510,11,11
06/24/17 09:27,130,111,139,503,122,25
06/24/17 09:27,82,280,142,783,34,8
06/24/17 09:27,121,158,93,995,27,23
06/24/17 09:27,182,289,192,940,63,29
06/24/17 09:27,13,169,187,222,83,19
06/24/17 09:27,29,188,103,933,5,3
06/24/17 09:27,64,247,161,946,62,29
06/24/17 09:27,178,29,204,652,122,7
06/24/17 09:27,27,28,179,110,64,26
06/24/17 09:27,182,237,113,943,131,9
06/24/17 09:27,145,37,12,796,70,1
06/24/17 09:27,197,49,158,122,47,20
06/24/17 09:27,110,223,233,826,46,16
06/24/17 09:27,126,256,125,304,110,16
06/24/17 09:27,58,180,6,84,39,8
06/24/17 09:27,125,101,143,591,86,4
06/24/17 09:27,7,45,43,447,43,11
06/24/17 09:27,142,234,23,134,111,13
06/24/17 09:27,55,77,235,976,32,2
06/24/17 09:27,159,97,247,756,129,11
06/24/17 09:27,6,41,62,497,140,18
06/24/17 09:27,140,149,149,149,113,2
06/24/17 09:27,11,217,63,194,133,9
06/24/17 09:27,180,52,98,625,25,12
06/24/17 09:27,20,100,222,559,58,4
06/24/17 09:27,48,148,185,214,130,25
06/24/17 09:27,134,97,90,932,141,7
06/24/17 09:27,149,132,136,314,118,17
06/24/17 09:27,105,271,5,359,70,22
06/24/17 09:27,51,76,151,613,39,12
06/24/17 09:27,182,84,99,760,116,7
06/24/17 09:27,180,180,163,824,139,3
06/24/17 09:27,26,164,198,67,29,24
06/24/17 09:27,22,4,138,897,120,1
06/24/17 09:27,170,300,231,965,94,1
06/24/17 09:27,70,27,88,711,25,28
06/24/17 09:27,31,19,99,468,145,23
06/24/17 09:27,1,266,165,898,3,19
06/24/17 09:27,11,197,207,327,149,19
06/24/17 09:27,185,182,82,532,99,29
06/24/17 09:27,194,227,237,527,141,21
06/24/17 09:27,151,85,235,26,125,16
06/24/17 09:27,38,55,27,631,4,24
06/24/17 09:27,105,298,218,679,138,21
06/24/17 09:27,23,177,184,632,31,30
06/24/17 09:27,95,296,154,787,38,17
06/24/17 09:27,197,219,13,590,100,11
06/24/17 09:27,48,291,16,510,12,12
06/24/17 09:27,79,31,108,304,119,8
06/24/17 09:27,1,81,59,825,51,20
06/24/17 09:27,23,292,170,202,62,15
06/24/17 09:27,153,133,96,110,91,13
06/24/17 09:27,175,225,222,481,78,30
06/24/17 09:27,58,254,48,594,115,7
06/24/17 09:27,58,107,179,841,100,13
06/24/17 09:27,19,39,239,183,123,29
06/24/17 09:27,16,106,163,572,132,3
06/24/17 09:27,138,4,123,228,115,28
06/24/17 09:27,192,46,161,631,94,29
06/24/17 09:27,49,15,155,621,149,23
06/24/17 09:27,132,196,154,708,102,24
06/24/17 09:27,99,259,80,224,114,8
06/24/17 09:27,77,120,113,413,141,6
06/24/17 09:27,59,278,235,682,95,19
06/24/17 09:27,41,199,196,283,91,19
06/24/17 09:27,138,106,7,416,106,15
06/24/17 09:27,176,250,83,21,35,3
06/24/17 09:27,68,135,215,18,116,4
06/24/17 09:27,176,79,105,971,17,5
06/24/17 09:27,173,174,18,642,79,4
06/24/17 09:27,162,266,81,834,131,30
06/24/17 09:27,160,288,178,648,129,21
06/24/17 09:27,18,77,15,568,136,14
06/24/17 09:27,190,244,145,203,41,7
06/24/17 09:27,14,0,183,30,143,7
06/24/17 09:27,55,109,81,57,146,8
06/24/17 09:27,68,134,156,208,7,17
06/24/17 09:27,47,182,140,853,93,16
06/24/17 09:27,5,265,217,326,42,26
06/24/17 09:27,195,286,22,132,96,29
06/24/17 09:27,58,15,42,231,48,11
06/24/17 09:27,160,230,117,189,142,23
06/24/17 09:27,91,39,228,803,3,20
06/24/17 09:27,70,109,103,74,90,22
06/24/17 09:27,118,101,39,272,132,15
06/24/17 09:27,174,266,111,14,119,2
06/24/17 09:27,75,78,198,214,92,8
06/24/17 09:27,148,245,19,445,52,14
06/24/17 09:27,67,48,5,196,106,13
06/24/17 09:27,90,280,31,811,99,5
06/24/17 09:27,125,44,104,951,124,24
06/24/17 09:27,96,118,81,106,136,22
06/24/17 09:27,7,135,69,732,25,10
06/24/17 09:27,66,216,168,259,38,21
06/24/17 09:27,33,117,120,154,97,5
06/24/17 09:27,154,144,100,436,67,24
06/24/17 09:27,97,2,168,943,86,10
06/24/17 09:27,94,157,57,298,42,27
06/24/17 09:27,96,211,117,790,104,25
06/24/17 09:27,196,28,69,724,26,9
06/24/17 09:27,129,19,200,97,68,15
06/24/17 09:27,103,267,48,687,44,28
06/24/17 09:27,170,113,181,269,78,3
06/24/17 09:27,157,280,227,201,123,20
06/24/17 09:27,30,106,109,501,84,18
06/24/17 09:27,174,133,239,776,7,19
06/24/17 09:27,182,35,241,536,9,16
06/24/17 09:27,39,75,133,5,19,4
06/24/17 09:27,13,246,135,552,11,20
06/24/17 09:27,7,70,17,972,129,13
06/24/17 09:27,151,168,208,85,113,13
06/24/17 09:27,6,138,114,488,27,20
06/24/17 09:27,176,236,211,916,117,24
06/24/17 09:27,63,284,183,874,95,29
06/24/17 09:27,111,247,159,395,17,5
06/24/17 09:27,156,202,97,755,6,13
06/24/17 09:27,75,290,35,551,122,15
06/24/17 09:27,177,281,193,183,22,7
06/24/17 09:27,72,273,98,759,150,4
06/24/17 09:27,140,34,153,802,85,30
06/24/17 09:27,170,283,100,943,101,8
06/24/17 09:27,87,241,71,834,37,29
06/24/17 09:27,181,18,88,66,70,21
06/24/17 09:27,156,227,177,437,26,17
06/24/17 09:27,100,241,82,625,99,27
06/24/17 09:27,185,204,168,867,55,22
06/24/17 09:27,114,268,94,223,37,17
06/24/17 09:27,75,283,115,521,62,12
06/24/17 09:27,20,223,159,13,147,6
06/24/17 09:27,99,252,42,155,146,19
06/24/17 09:27,167,53,2,980,36,11
06/24/17 09:27,147,246,172,147,102,3
06/24/17 09:27,42,174,78,914,34,11
06/24/17 09:27,178,268,49,494,113,3
06/24/17 09:27,157,282,21,747,49,3
06/24/17 09:27,110,179,219,318,81,11
06/24/17 09:27,25,193,178,757,5,28
06/24/17 09:27,188,131,71,437,93,14
06/24/17 09:27,41,206,82,642,51,18
06/24/17 09:27,51,72,9,570,64,25
06/24/17 09:27,116,177,6,998,1,17
06/24/17 09:27,179,81,196,795,1,28
06/24/17 09:27,155,241,66,367,7,20
06/24/17 09:27,21,275,99,62,113,13
06/24/17 09:27,153,55,192,690,85,15
06/24/17 09:27,43,50,238,458,43,28
06/24/17 09:27,28,51,28,29,56,2
06/24/17 09:27,60,129,249,613,133,4
06/24/17 09:27,36,192,235,191,82,27
06/24/17 09:27,111,231,66,248,50,3
06/24/17 09:27,15,151,109,247,30,3
06/24/17 09:27,177,64,84,855,121,18
06/24/17 09:27,123,87,108,454,136,16
06/24/17 09:27,199,139,200,830,68,1
06/24/17 09:27,82,188,243,340,39,9
06/24/17 09:27,175,203,85,97,22,12
06/24/17 09:27,2,116,197,103,72,28
06/24/17 09:27,82,118,165,48,142,23
06/24/17 09:27,74,232,248,771,41,1
06/24/17 09:27,36,27,22,467,99,12
06/24/17 09:27,44,212,64,770,67,5
06/24/17 09:27,102,230,143,303,80,29
06/24/17 09:27,130,269,239,989,5,19
06/24/17 09:27,182,220,27,160,52,15
06/24/17 09:27,70,60,228,113,16,7
06/24/17 09:27,142,268,82,188,55,13
06/24/17 09:27,200,218,239,429,53,7
06/24/17 09:27,196,2,106,670,58,19
06/24/17 09:27,170,76,157,640,108,29
06/24/17 09:27,154,87,195,813,18,26
06/24/17 09:27,72,147,81,178,60,17
06/24/17 09:27,199,54,193,524,108,5
06/24/17 09:27,158,243,71,659,32,22
06/24/17 09:27,30,183,46,72,18,20
06/24/17 09:27,2,14,240,693,27,1
06/24/17 09:27,50,95,136,705,53,29
06/24/17 09:27,25,221,216,582,4,12
06/24/17 09:27,191,34,98,229,123,5
06/24/17 09:27,112,300,144,98,57,19
06/24/17 09:27,197,144,125,435,16,12
06/24/17 09:27,150,29,44,382,132,5
06/24/17 09:27,8,144,230,49,97,29
06/24/17 09:27,79,29,162,115,95,1
06/24/17 09:27,125,110,172,400,127,26
06/24/17 09:27,144,11,212,322,91,28
06/24/17 09:27,51,145,36,236,67,1
06/24/17 09:27,175,55,166,699,84,26
06/24/17 09:27,64,129,199,162,74,2
06/24/17 09:27,20,16,125,608,121,6
06/24/17 09:27,76,202,127,760,81,4
06/24/17 09:27,38,25,169,551,126,19
06/24/17 09:27,14,122,73,764,105,27
06/24/17 09:27,138,155,168,243,56,16
06/24/17 09:27,9,86,35,112,81,1
06/24/17 09:27,138,204,79,966,71,25
06/24/17 09:27,143,167,88,259,50,25
06/24/17 09:27,105,49,38,696,97,5
06/24/17 09:27,164,290,29,776,17,27
06/24/17 09:27,174,114,147,695,149,25
06/24/17 09:27,186,101,113,1,62,22
06/24/17 09:27,25,163,218,254,0,8
06/24/17 09:27,162,285,149,271,2,6
06/24/17 09:27,36,233,141,157,19,30
06/24/17 09:27,33,28,139,805,4,2
06/24/17 09:27,81,220,240,818,20,20
06/24/17 09:27,141,15,14,858,4,12
06/24/17 09:27,161,127,17,324,12,7
06/24/17 09:27,74,32,110,10,115,15
06/24/17 09:27,78,186,222,850,142,17
06/24/17 09:27,2,74,49,187,60,12
06/24/17 09:27,64,215,244,856,148,19
06/24/17 09:27,22,165,63,297,44,4
06/24/17 09:27,117,107,175,853,127,7
06/24/17 09:27,10,230,40,435,24,24
06/24/17 09:27,43,268,17,360,0,24
06/24/17 09:27,30,179,168,186,134,15
06/24/17 09:27,168,115,227,298,23,19
06/24/17 09:27,89,147,83,137,55,23
06/24/17 09:27,25,275,75,824,23,6
06/24/17 09:27,37,276,7,251,140,1
06/24/17 09:27,40,90,68,219,62,10
06/24/17 09:27,14,179,29,189,147,24
06/24/17 09:27,74,95,191,219,100,13
06/24/17 09:27,82,32,32,440,37,23
06/24/17 09:27,65,11,212,354,117,28
06/24/17 09:27,116,209,140,168,93,12
06/24/17 09:27,77,61,248,815,55,10
06/24/17 09:27,83,222,111,237,129,28
06/24/17 09:27,52,26,144,192,21,22
06/24/17 09:27,12,289,152,331,68,24
06/24/17 09:27,76,25,14,344,24,2
06/24/17 09:27,159,94,198,503,92,7
06/24/17 09:27,154,99,48,65,149,16
06/24/17 09:27,9,70,232,669,87,25
06/24/17 09:27,118,32,74,213,33,10
06/24/17 09:27,42,33,63,704,65,16
06/24/17 09:27,118,290,94,992,43,25
06/24/17 09:27,65,280,149,418,82,15
06/24/17 09:27,85,256,167,156,31,26
06/24/17 09:27,170,47,38,174,72,18
06/24/17 09:27,169,30,234,594,29,11
06/24/17 09:27,183,275,25,926,140,13
06/24/17 09:27,192,238,40,475,120,15
06/24/17 09:27,189,268,79,584,29,17
06/24/17 09:27,137,292,129,111,130,6
06/24/17 09:27,42,129,39,162,44,29
06/24/17 09:27,37,258,13,731,21,11
06/24/17 09:27,128,163,144,18,82,26
06/24/17 09:27,196,185,183,947,26,30
06/24/17 09:27,89,158,201,855,141,28
06/24/17 09:27,196,62,199,104,14,24
06/24/17 09:27,28,233,136,40,50,30
06/24/17 09:27,81,91,57,930,36,2
06/24/17 09:27,93,87,23,941,52,27
06/24/17 09:27,199,288,203,435,135,30
06/24/17 09:27,79,295,138,699,104,15
06/24/17 09:27,38,260,224,244,84,13
06/24/17 09:27,200,174,15,478,51,9
06/24/17 09:27,18,249,101,263,118,5
06/24/17 09:27,53,297,87,133,62,26
06/24/17 09:27,91,11,129,857,135,10
06/24/17 09:27,170,164,112,252,104,18
06/24/17 09:27,1,213,152,276,64,19
06/24/17 09:27,104,259,87,641,80,15
06/24/17 09:27,3,226,156,217,0,12
06/24/17 09:27,190,97,10,736,74,6
06/24/17 09:27,157,139,12,427,101,24
06/24/17 09:27,151,58,195,842,16,26
06/24/17 09:27,182,222,225,171,52,2
06/24/17 09:27,134,225,49,987,82,21
06/24/17 09:27,94,79,12,773,90,2
06/24/17 09:27,10,41,236,883,44,3
06/24/17 09:27,163,185,37,631,92,1
06/24/17 09:27,80,52,103,258,6,18
06/24/17 09:27,197,68,99,604,147,12
06/24/17 09:27,18,141,226,604,36,21
06/24/17 09:27,160,9,206,546,31,6
06/24/17 09:27,1,46,57,471,42,7
06/24/17 09:27,10,55,74,175,77,2
06/24/17 09:27,161,13,159,86,138,13
06/24/17 09:27,143,247,108,447,49,21
06/24/17 09:27,3,285,150,326,10,4
06/24/17 09:27,114,127,175,346,13,16
06/24/17 09:27,78,266,179,754,108,30
06/24/17 09:27,106,213,233,591,107,29
06/24/17 09:27,152,100,135,705,119,15
06/24/17 09:27,19,3,66,405,48,19
06/24/17 09:27,147,210,198,70,54,1
06/24/17 09:27,83,73,140,428,18,3
06/24/17 09:27,40,91,57,389,118,17
06/24/17 09:27,111,42,220,667,148,2
06/24/17 09:27,75,113,126,203,95,26
06/24/17 09:27,33,243,222,398,66,8
06/24/17 09:27,198,223,33,316,46,6
06/24/17 09:27,96,167,199,786,41,4
06/24/17 09:27,131,278,5,976,117,22
06/24/17 09:27,52,11,113,905,52,21
06/24/17 09:27,65,295,67,617,52,2
06/24/17 09:27,47,137,80,753,109,2
06/24/17 09:27,187,16,102,6,19,16
06/24/17 09:27,16,195,105,210,145,27
06/24/17 09:27,63,51,164,992,67,27
06/24/17 09:27,115,142,13,202,56,23
06/24/17 09:27,140,150,229,930,28,24
06/24/17 09:27,83,10,223,493,51,5
06/24/17 09:27,134,35,4,58,53,23
06/24/17 09:27,65,281,32,388,140,8
06/24/17 09:27,69,263,239,627,131,1
06/24/17 09:27,62,225,188,775,116,3
06/24/17 09:27,77,150,246,212,91,2
06/24/17 09:27,148,191,22,508,5,6
06/24/17 09:27,176,217,173,859,40,27
06/24/17 09:27,148,99,174,203,81,20
06/24/17 09:27,1,291,11,71,4,27
06/24/17 09:27,148,126,28,80,73,30
06/24/17 09:27,22,251,226,253,57,8
06/24/17 09:27,10,100,249,672,74,2
06/24/17 09:27,193,193,94,713,143,11
06/24/17 09:27,57,68,199,981,27,5
06/24/17 09:27,154,95,183,72,113,7
06/24/17 09:27,33,237,208,128,48,23
06/24/17 09:27,163,132,47,289,21,15
06/24/17 09:27,55,65,8,473,52,24
06/24/17 09:27,115,26,57,358,138,25
06/24/17 09:27,10,24,142,753,90,21
06/24/17 09:27,154,281,45,150,143,17
06/24/17 09:27,194,181,184,204,42,15
06/24/17 09:27,150,205,114,808,59,7
06/24/17 09:27,115,190,242,272,81,5
06/24/17 09:27,33,296,169,31,118,8
06/24/17 09:27,13,48,20,283,10,25
06/24/17 09:27,59,69,77,707,63,12
06/24/17 09:27,94,219,41,252,16,25
06/24/17 09:27,119,245,60,150,123,14
06/24/17 09:27,12,177,225,1000,92,28
06/24/17 09:27,19,86,230,788,57,24
06/24/17 09:27,54,266,228,373,97,17
06/24/17 09:27,103,31,71,503,56,11
06/24/17 09:27,59,265,157,969,45,28
06/24/17 09:27,96,226,124,434,84,23
06/24/17 09:27,35,159,190,24,51,17
06/24/17 09:27,186,179,233,566,62,8
06/24/17 09:27,25,159,25,594,103,3
06/24/17 09:27,165,39,145,775,105,17
06/24/17 09:27,97,68,173,664,6,17
06/24/17 09:27,78,249,28,166,28,6
06/24/17 09:27,117,176,21,859,2,10
06/24/17 09:27,55,115,101,343,68,8
06/24/17 09:27,51,42,116,181,26,25
06/24/17 09:27,108,1,205,828,84,17
06/24/17 09:27,80,223,198,723,66,23
06/24/17 09:27,160,171,242,41,140,19
06/24/17 09:27,79,209,113,37,73,18
06/24/17 09:27,47,140,99,683,41,10
06/24/17 09:27,3,187,232,729,54,1
06/24/17 09:27,135,27,3,141,60,24
06/24/17 09:27,158,142,130,635,128,19
06/24/17 09:27,3,235,231,279,78,21
06/24/17 09:27,31,80,125,138,118,5
06/24/17 09:27,190,70,110,36,39,27
06/24/17 09:27,137,220,109,382,103,28
06/24/17 09:27,23,135,164,575,20,10
06/24/17 09:27,123,242,151,571,30,16
06/24/17 09:27,168,218,169,286,108,13
06/24/17 09:27,34,300,211,626,12,18
06/24/17 09:27,89,211,178,135,124,27
06/24/17 09:27,175,21,199,554,49,30
06/24/17 09:27,200,253,3,145,135,29
06/24/17 09:27,142,110,151,814,7,12
06/24/17 09:27,93,99,3,44,63,10
06/24/17 09:27,70,199,85,764,59,2
06/24/17 09:27,140,13,215,723,65,22
06/24/17 09:27,82,152,17,867,11,27
06/24/17 09:27,81,254,65,826,15,20
06/24/17 09:27,156,51,114,472,114,23
06/24/17 09:27,171,31,135,715,119,27
06/24/17 09:27,170,274,5,252,88,8
06/24/17 09:27,32,41,86,919,138,8
06/24/17 09:27,118,254,84,658,83,21
06/24/17 09:27,42,139,174,835,93,2
06/24/17 09:27,20,136,157,843,70,15
06/24/17 09:27,59,238,61,413,23,8
06/24/17 09:27,113,296,244,317,116,14
06/24/17 09:27,16,205,123,920,47,8
06/24/17 09:27,15,220,124,379,146,24
06/24/17 09:27,45,254,120,118,93,20
06/24/17 09:27,95,78,30,299,98,19
06/24/17 09:27,3,81,142,881,16,12
06/24/17 09:27,36,58,88,59,31,30
06/24/17 09:27,186,124,229,410,83,30
06/24/17 09:27,6,284,106,992,122,4
06/24/17 09:27,55,152,120,878,2,4
06/24/17 09:27,160,127,145,601,66,24
06/24/17 09:27,71,202,22,123,128,21
06/24/17 09:27,12,69,88,810,25,28
06/24/17 09:27,74,37,237,947,58,5
06/24/17 09:27,65,151,7,54,61,14
06/24/17 09:27,90,294,119,91,41,26
06/24/17 09:27,158,239,224,792,6,20
06/24/17 09:27,13,184,220,803,10,3
06/24/17 09:27,51,243,29,869,86,6
06/24/17 09:27,162,232,117,528,66,12
06/24/17 09:27,125,153,239,864,125,8
06/24/17 09:27,33,5,132,606,22,24
06/24/17 09:27,12,238,216,232,116,25
06/24/17 09:27,151,81,247,990,148,30
06/24/17 09:27,156,263,176,368,5,19
06/24/17 09:27,115,300,196,458,76,9
06/24/17 09:27,123,95,55,253,97,5
06/24/17 09:27,5,204,169,822,33,24
06/24/17 09:27,131,178,5,856,116,23
06/24/17 09:27,113,295,100,337,49,4
06/24/17 09:27,52,209,43,874,13,10
06/24/17 09:27,40,241,95,159,124,25
06/24/17 09:27,41,31,28,27,23,27
06/24/17 09:27,152,156,38,719,147,13
06/24/17 09:27,90,3,17,7,57,28
06/24/17 09:27,178,284,121,868,123,19
06/24/17 09:27,44,178,69,586,68,29
06/24/17 09:27,170,117,202,50,48,22
06/24/17 09:27,88,266,80,988,43,28
06/24/17 09:27,20,252,139,140,126,13
06/24/17 09:27,0,89,211,494,53,17
06/24/17 09:27,34,138,217,274,73,22
06/24/17 09:27,136,276,6,784,141,24
06/24/17 09:27,110,6,78,707,67,5
06/24/17 09:27,136,177,130,310,113,18
06/24/17 09:27,5,212,188,266,66,6
06/24/17 09:27,70,108,142,110,41,22
06/24/17 09:27,50,18,127,20,103,5
06/24/17 09:27,1,282,6,105,109,9
06/24/17 09:27,38,141,113,10,118,1
06/24/17 09:27,139,53,162,530,56,19
06/24/17 09:27,190,45,179,181,80,13
06/24/17 09:27,182,184,183,498,115,16
06/24/17 09:27,53,113,238,465,35,12
06/24/17 09:27,28,98,211,753,111,24
06/24/17 09:27,147,38,13,864,86,10
06/24/17 09:27,200,223,149,692,103,10
06/24/17 09:27,107,166,1,978,141,1
06/24/17 09:27,133,160,211,590,140,16
06/24/17 09:27,62,249,83,717,26,7
06/24/17 09:27,121,10,234,781,43,4
06/24/17 09:27,33,166,71,353,144,10
06/24/17 09:27,29,82,177,152,129,9
06/24/17 09:27,110,164,139,568,47,8
06/24/17 09:27,101,111,96,204,69,7
06/24/17 09:27,173,133,242,843,9,20
06/24/17 09:27,81,238,66,872,8,2
06/24/17 09:27,144,231,91,720,56,23
06/24/17 09:27,46,90,78,967,130,5
06/24/17 09:27,120,287,202,537,23,3
06/24/17 09:27,1,273,95,81,147,25
06/24/17 09:27,147,229,117,751,133,15
06/24/17 09:27,52,15,55,1000,142,17
06/24/17 09:27,194,221,191,524,139,9
06/24/17 09:27,49,150,9,122,47,2
06/24/17 09:27,83,121,59,963,48,29
06/24/17 09:27,101,262,139,804,46,1
06/24/17 09:27,60,169,148,387,26,20
06/24/17 09:27,132,152,72,426,39,18
06/24/17 09:27,34,25,32,846,143,20
06/24/17 09:27,37,65,249,499,110,12
06/24/17 09:27,44,192,245,872,149,27
06/24/17 09:27,171,10,211,606,17,23
06/24/17 09:27,161,200,24,543,147,20
06/24/17 09:27,62,232,220,102,130,10
06/24/17 09:27,72,255,150,532,136,11
06/24/17 09:27,128,197,185,555,17,26
06/24/17 09:27,126,224,31,844,113,10
06/24/17 09:27,164,217,115,136,82,11
06/24/17 09:27,103,107,42,28,2,8
06/24/17 09:27,37,212,81,826,67,30
06/24/17 09:27,66,234,94,486,54,6
06/24/17 09:27,16,257,214,164,0,2
06/24/17 09:27,154,97,93,908,128,16
06/24/17 09:27,73,264,228,346,103,22
06/24/17 09:27,87,39,59,515,22,21
06/24/17 09:27,156,260,55,727,21,19
06/24/17 09:27,176,140,53,558,40,20
06/24/17 09:27,136,117,221,598,124,21
06/24/17 09:27,99,95,102,893,52,15
06/24/17 09:27,11,15,56,500,42,8
06/24/17 09:27,105,47,175,532,12,7
06/24/17 09:27,156,139,185,80,130,13
06/24/17 09:27,11,178,51,363,38,22
06/24/17 09:27,87,159,214,688,136,3
06/24/17 09:27,197,3,184,31,115,8
06/24/17 09:27,191,105,123,209,22,28
06/24/17 09:27,143,105,209,180,86,21
06/24/17 09:27,141,183,169,524,18,30
06/24/17 09:27,132,144,138,377,3,17
06/24/17 09:27,171,172,214,782,106,19
06/24/17 09:27,113,60,4,821,99,15
06/24/17 09:27,106,262,177,398,148,22
06/24/17 09:27,72,64,162,984,127,19
06/24/17 09:27,101,217,73,846,118,2
06/24/17 09:27,123,36,130,504,95,3
06/24/17 09:27,5,292,23,574,109,21
06/24/17 09:27,112,249,74,155,68,15
06/24/17 09:27,4,298,68,76,22,21
06/24/17 09:27,52,238,117,639,136,22
06/24/17 09:27,95,187,101,470,70,18
06/24/17 09:27,188,147,36,999,118,14
06/24/17 09:27,44,298,217,926,45,30
06/24/17 09:27,166,38,234,218,38,15
06/24/17 09:27,6,25,98,24,106,19
06/24/17 09:27,78,208,4,741,130,14
06/24/17 09:27,198,146,165,578,12,20
06/24/17 09:27,76,75,176,478,41,14
06/24/17 09:27,192,99,179,21,4,26
06/24/17 09:27,135,115,228,173,32,1
06/24/17 09:27,85,89,100,591,40,25
06/24/17 09:27,54,64,186,690,84,10
06/24/17 09:27,97,300,1,893,150,4
06/24/17 09:27,95,142,176,164,96,25
06/24/17 09:27,25,104,112,773,97,10
06/24/17 09:27,93,174,73,40,63,3
06/24/17 09:27,173,68,76,725,87,30
06/24/17 09:27,181,8,163,969,58,2
06/24/17 09:27,44,252,93,179,131,20
06/24/17 09:27,95,76,57,172,46,23
06/24/17 09:27,14,18,14,448,59,27
06/24/17 09:27,138,279,191,458,4,20
06/24/17 09:27,154,239,250,158,91,2
06/24/17 09:27,5,119,156,83,15,7
06/24/17 09:27,49,224,53,827,3,13
06/24/17 09:27,150,171,86,61,33,18
06/24/17 09:27,133,263,25,158,102,4
06/24/17 09:27,105,57,224,177,75,20
06/24/17 09:27,108,135,176,465,100,19
06/24/17 09:27,143,197,159,414,122,5
06/24/17 09:27,146,197,188,723,123,3
06/24/17 09:27,134,266,209,809,110,20
06/24/17 09:27,187,146,16,40,11,29
06/24/17 09:27,165,116,28,577,107,10
06/24/17 09:27,147,285,72,80,98,15
06/24/17 09:27,115,251,118,757,47,13
06/24/17 09:27,108,13,85,890,61,30
06/24/17 09:27,45,220,55,30,111,21
06/24/17 09:27,55,37,144,362,128,23
06/24/17 09:27,7,103,213,42,105,28
06/24/17 09:27,9,184,51,592,44,30
06/24/17 09:27,123,58,28,244,134,28
06/24/17 09:27,176,219,48,189,70,22
06/24/17 09:27,122,262,20,977,85,17
06/24/17 09:27,156,86,60,161,129,4
06/24/17 09:27,145,251,240,779,88,20
06/24/17 09:27,98,286,42,780,59,3
06/24/17 09:27,7,105,234,108,117,27
06/24/17 09:27,109,3,212,637,120,8
06/24/17 09:27,99,223,14,659,90,29
06/24/17 09:27,1,223,184,675,2,14
06/24/17 09:27,199,295,189,553,87,25
06/24/17 09:27,50,197,15,138,20,3
06/24/17 09:27,68,201,18,364,66,19
06/24/17 09:27,109,14,96,601,4,24
06/24/17 09:27,168,247,204,937,37,3
06/24/17 09:27,142,92,199,122,112,3
06/24/17 09:27,57,89,167,855,142,26
06/24/17 09:27,179,245,84,634,114,17
06/24/17 09:27,116,262,150,143,118,16
06/24/17 09:27,114,286,223,50,17,8
06/24/17 09:27,109,271,1,767,105,24
06/24/17 09:27,169,270,188,317,111,3
06/24/17 09:27,57,134,170,831,74,24
06/24/17 09:27,24,97,125,84,141,22
06/24/17 09:27,16,270,81,392,12,6
06/24/17 09:27,160,8,85,435,112,22
06/24/17 09:27,168,167,98,503,41,22
06/24/17 09:27,25,208,180,305,56,27
06/24/17 09:27,94,61,50,972,99,11
06/24/17 09:27,184,237,74,57,56,30
06/24/17 09:27,113,15,161,473,92,25
06/24/17 09:27,138,262,40,640,73,8
06/24/17 09:27,74,210,145,448,150,13
06/24/17 09:27,11,253,214,391,26,6
06/24/17 09:27,199,228,98,138,95,29
06/24/17 09:27,107,232,127,456,77,3
06/24/17 09:27,131,194,52,379,54,6
06/24/17 09:27,73,165,29,644,86,18
06/24/17 09:27,172,164,96,513,118,27
06/24/17 09:27,137,276,177,645,129,19
06/24/17 09:27,86,243,110,450,116,14
06/24/17 09:27,162,177,26,182,11,28
06/24/17 09:27,137,237,13,729,83,10
06/24/17 09:27,92,229,130,57,55,2
06/24/17 09:27,16,63,173,577,6,23
06/24/17 09:27,85,245,246,761,39,30
06/24/17 09:27,1,150,238,101,28,30
06/24/17 09:27,111,293,27,146,146,5
06/24/17 09:27,33,220,228,62,65,30
06/24/17 09:27,93,61,16,550,69,23
06/24/17 09:27,71,238,177,111,91,25
06/24/17 09:27,170,86,188,494,81,17
06/24/17 09:27,126,93,211,0,44,19
06/24/17 09:27,159,214,234,906,150,21
06/24/17 09:27,107,127,105,111,18,23
06/24/17 09:27,31,178,126,198,135,29
06/24/17 09:27,119,62,208,218,66,9
06/24/17 09:27,11,200,185,667,74,3
06/24/17 09:27,45,174,168,319,81,18
06/24/17 09:27,66,17,172,231,98,28
06/24/17 09:27,1,50,166,891,13,29
06/24/17 09:27,115,267,20,587,126,17
06/24/17 09:27,147,159,190,363,87,8
06/24/17 09:27,75,218,180,537,47,12
06/24/17 09:27,2,294,147,203,41,30
06/24/17 09:27,108,278,230,375,80,20
06/24/17 09:27,132,227,112,97,99,24
06/24/17 09:27,132,178,219,297,18,27
06/24/17 09:27,183,134,161,896,81,25
06/24/17 09:27,118,67,54,597,27,19
06/24/17 09:27,191,289,136,639,19,25
06/24/17 09:27,64,274,114,316,7,20
06/24/17 09:27,188,222,169,72,116,9
06/24/17 09:27,26,107,41,861,104,23
06/24/17 09:27,44,160,76,116,128,27
06/24/17 09:27,160,154,210,874,91,7
06/24/17 09:27,78,268,191,893,72,20
06/24/17 09:27,135,233,96,819,121,30
06/24/17 09:27,190,18,136,594,39,3
06/24/17 09:27,160,35,125,133,81,19
06/24/17 09:27,19,110,36,468,84,27
06/24/17 09:27,178,254,87,923,62,5
06/24/17 09:27,25,195,92,874,12,11
06/24/17 09:27,147,236,84,499,39,28
06/24/17 09:27,151,54,146,353,84,5
06/24/17 09:27,21,56,15,182,22,10
06/24/17 09:27,149,87,8,313,20,28
06/24/17 09:27,103,168,9,672,69,4
06/24/17 09:27,73,26,30,839,114,13
06/24/17 09:27,149,13,124,32,132,26
06/24/17 09:27,53,146,11,404,98,12
06/24/17 09:27,170,104,214,559,1,25
06/24/17 09:27,5,77,12,223,101,26
06/24/17 09:27,136,260,163,55,90,10
06/24/17 09:27,197,9,21,149,139,26
06/24/17 09:27,152,120,68,343,52,22
06/24/17 09:27,175,126,100,861,112,11
06/24/17 09:27,169,143,21,939,78,12
06/24/17 09:27,111,232,237,263,65,27
06/24/17 09:27,146,292,47,483,133,23
06/24/17 09:27,123,170,179,35,104,26
06/24/17 09:27,53,119,51,10,80,6
06/24/17 09:27,98,256,248,271,15,4
06/24/17 09:27,18,83,113,743,103,30
06/24/17 09:27,167,190,206,51,136,9
06/24/17 09:27,29,223,237,663,34,1
06/24/17 09:27,81,33,50,746,32,15
06/24/17 09:27,190,281,36,330,70,12
06/24/17 09:27,39,63,84,82,137,1
06/24/17 09:27,193,287,51,585,72,29
06/24/17 09:27,113,190,189,650,23,19
06/24/17 09:27,109,246,80,388,2,1
06/24/17 09:27,191,258,215,11,140,30
06/24/17 09:27,166,143,76,29,124,9
06/24/17 09:27,178,232,235,336,53,27
06/24/17 09:27,175,236,231,619,115,13
06/24/17 09:27,56,52,32,533,101,4
06/24/17 09:27,178,119,156,127,16,16
06/24/17 09:27,73,60,232,564,33,30
06/24/17 09:27,99,5,239,926,136,9
06/24/17 09:27,127,96,224,760,22,29
06/24/17 09:27,87,84,109,187,107,8
06/24/17 09:27,11,37,115,526,14,27
06/24/17 09:27,162,256,178,87,78,17
06/24/17 09:27,124,51,72,448,142,17
06/24/17 09:27,136,68,0,193,144,20
06/24/17 09:27,127,257,131,691,20,9
06/24/17 09:27,43,294,62,899,39,4
06/24/17 09:27,156,69,98,749,10,2
06/24/17 09:27,172,157,69,10,6,2
06/24/17 09:27,50,218,78,892,102,4
06/24/17 09:27,100,135,224,222,130,5
06/24/17 09:27,5,288,75,134,110,16
06/24/17 09:27,167,256,173,781,79,7
06/24/17 09:27,142,224,16,3,48,15
06/24/17 09:27,49,202,30,600,91,8
06/24/17 09:27,68,135,220,615,79,3
06/24/17 09:27,119,83,5,169,128,25
06/24/17 09:27,54,225,250,886,23,13
06/24/17 09:27,192,44,150,802,37,9
06/24/17 09:27,6,43,209,180,29,14
06/24/17 09:27,38,297,98,306,64,24
06/24/17 09:27,183,280,91,158,115,15
06/24/17 09:27,2,188,224,359,33,29
06/24/17 09:27,150,265,212,704,148,19
06/24/17 09:27,74,131,33,420,116,20
06/24/17 09:27,137,182,199,162,48,9
06/24/17 09:27,43,240,84,77,144,27
06/24/17 09:27,59,149,44,129,130,28
06/24/17 09:27,64,175,79,973,103,12
06/24/17 09:27,4,183,9,754,36,8
06/24/17 09:27,33,219,163,639,124,14
06/24/17 09:27,70,102,157,461,39,24
06/24/17 09:27,148,250,68,80,48,18
06/24/17 09:27,36,28,24,571,16,1
06/24/17 09:27,12,229,172,626,138,4
06/24/17 09:27,112,11,29,247,35,1
06/24/17 09:27,168,202,205,813,126,21
06/24/17 09:27,164,36,121,367,79,2
06/24/17 09:27,112,14,241,676,150,28
06/24/17 09:27,42,143,77,791,47,7
06/24/17 09:27,64,146,165,130,61,9
06/24/17 09:27,58,285,94,427,32,10
06/24/17 09:27,167,194,128,915,133,26
06/24/17 09:27,140,163,28,7,56,13
06/24/17 09:27,183,205,78,119,93,23
06/24/17 09:27,40,223,156,301,129,28
06/24/17 09:27,177,121,59,791,25,2
06/24/17 09:27,193,280,158,743,75,29
06/24/17 09:27,116,292,158,3,112,16
06/24/17 09:27,30,255,237,816,133,10
06/24/17 09:27,89,66,34,32,40,15
06/24/17 09:27,178,75,85,595,140,6
06/24/17 09:27,69,182,106,73,20,26
06/24/17 09:27,164,219,31,450,32,24
06/24/17 09:27,111,34,229,756,130,1
06/24/17 09:27,45,67,168,966,138,30
06/24/17 09:27,85,140,214,212,35,5
06/24/17 09:27,114,42,67,789,19,24
06/24/17 09:27,17,259,242,541,73,25
06/24/17 09:27,130,283,218,599,147,10
06/24/17 09:27,151,288,36,575,16,9
06/24/17 09:27,32,148,24,769,19,10
06/24/17 09:27,8,85,98,715,98,2
06/24/17 09:27,199,89,101,270,15,25
06/24/17 09:27,42,255,79,606,70,27
06/24/17 09:27,2,153,159,240,90,21
06/24/17 09:27,32,108,97,249,116,10
06/24/17 09:27,53,61,231,845,81,18
06/24/17 09:27,185,145,64,952,131,19
06/24/17 09:27,153,125,152,491,41,16
06/24/17 09:27,0,182,7,381,51,15
06/24/17 09:27,191,69,96,278,28,11
06/24/17 09:27,150,88,62,784,150,8
06/24/17 09:27,64,222,250,651,148,30
06/24/17 09:27,160,46,72,826,51,18
06/24/17 09:27,137,94,135,818,11,2
06/24/17 09:27,39,179,78,917,131,20
06/24/17 09:27,56,257,237,394,60,3
06/24/17 09:27,166,174,79,636,18,13
06/24/17 09:27,194,255,186,448,88,23
06/24/17 09:27,9,158,18,154,2,5
06/24/17 09:27,1,296,168,12,14,9
06/24/17 09:27,32,270,122,416,108,9
