06/24/17 09:27,172,298,88,738,94,1
06/24/17 09:27,89,23,124,805,111,14
06/24/17 09:27,57,231,175,89,11,14
06/24/17 09:27,48,251,118,755,148,19
06/24/17 09:27,166,270,72,540,76,25
06/24/17 09:27,199,262,156,372,18,22
06/24/17 09:27,74,191,83,76,102,23
06/24/17 09:27,96,128,169,903,64,14
06/24/17 09:27,151,49,215,831,1,16
06/24/17 09:27,199,237,69,305,138,30
06/24/17 09:27,49,70,243,339,116,8
06/24/17 09:27,46,40,18,813,73,30
06/24/17 09:27,119,282,51,220,62,12
06/24/17 09:27,195,112,204,893,18,23
06/24/17 09:27,160,92,206,491,33,6
06/24/17 09:27,152,24,55,893,47,3
06/24/17 09:27,94,116,43,82,111,1
06/24/17 09:27,160,279,26,381,136,16
06/24/17 09:27,64,114,11,273,28,9
06/24/17 09:27,86,66,47,709,68,20
06/24/17 09:27,176,140,166,396,1,2
06/24/17 09:27,16,41,167,785,88,10
06/24/17 09:27,65,71,146,226,92,7
06/24/17 09:27,191,274,240,491,21,25
06/24/17 09:27,106,200,160,926,49,30
06/24/17 09:27,141,104,84,549,4,22
06/24/17 09:27,182,242,113,64,74,27
06/24/17 09:27,126,84,109,623,110,3
06/24/17 09:27,119,29,116,812,80,15
06/24/17 09:27,151,139,19,810,107,8
06/24/17 09:27,16,60,67,702,86,2
06/24/17 09:27,156,42,69,967,38,26
06/24/17 09:27,105,114,196,801,106,3
06/24/17 09:27,168,288,55,824,41,15
06/24/17 09:27,117,281,60,482,146,23
06/24/17 09:27,103,58,30,442,125,23
06/24/17 09:27,124,282,223,566,4,9
06/24/17 09:27,99,167,177,558,64,3
06/24/17 09:27,56,79,165,559,79,15
06/24/17 09:27,93,138,146,52,64,16
06/24/17 09:27,26,236,152,364,49,17
06/24/17 09:27,143,269,77,272,127,19
06/24/17 09:27,28,151,50,738,65,6
06/24/17 09:27,45,208,225,121,147,21
06/24/17 09:27,186,46,236,706,106,17
06/24/17 09:27,154,72,91,379,46,13
06/24/17 09:27,190,69,204,272,106,9
06/24/17 09:27,108,144,106,966,43,2
06/24/17 09:27,160,4,39,804,12,30
06/24/17 09:27,141,106,204,25,35,20
06/24/17 09:27,40,230,226,487,139,7
06/24/17 09:27,189,57,26,582,81,1
06/24/17 09:27,112,143,67,898,119,23
06/24/17 09:27,87,170,103,701,70,10
06/24/17 09:27,114,7,75,499,18,19
06/24/17 09:27,97,238,122,77,68,23
06/24/17 09:27,94,218,150,962,56,19
06/24/17 09:27,121,99,199,704,81,23
06/24/17 09:27,54,125,147,718,88,10
06/24/17 09:27,179,119,143,335,87,12
06/24/17 09:27,29,217,12,124,4,26
06/24/17 09:27,54,196,221,704,88,13
06/24/17 09:27,86,134,89,511,75,27
06/24/17 09:27,88,105,198,313,90,13
06/24/17 09:27,141,0,184,778,31,3
06/24/17 09:27,193,268,206,72,140,29
06/24/17 09:27,126,49,173,16,29,7
06/24/17 09:27,126,18,220,184,120,13
06/24/17 09:27,38,116,244,986,53,6
06/24/17 09:27,53,64,245,863,5,12
06/24/17 09:27,124,164,240,218,89,24
06/24/17 09:27,80,217,146,844,68,26
06/24/17 09:27,112,293,9,728,54,24
06/24/17 09:27,75,225,13,92,56,24
06/24/17 09:27,63,250,228,117,147,27
06/24/17 09:27,144,172,45,356,148,26
06/24/17 09:27,52,178,188,110,118,22
06/24/17 09:27,185,124,173,905,124,21
06/24/17 09:27,83,248,31,413,47,30
06/24/17 09:27,154,244,21,604,51,5
06/24/17 09:27,151,118,232,503,98,10
06/24/17 09:27,126,273,96,890,28,22
06/24/17 09:27,31,269,205,915,112,6
06/24/17 09:27,15,271,171,127,29,20
06/24/17 09:27,49,68,101,508,41,15
06/24/17 09:27,99,51,196,10,136,20
06/24/17 09:27,26,233,156,935,69,1
06/24/17 09:27,82,36,152,935,88,27
06/24/17 09:27,97,139,240,69,69,27
06/24/17 09:27,108,139,213,48,87,16
06/24/17 09:27,107,166,208,130,36,5
06/24/17 09:27,162,259,234,956,123,24
06/24/17 09:27,57,63,206,240,88,3
06/24/17 09:27,53,135,175,583,139,28
06/24/17 09:27,165,45,246,481,133,1
06/24/17 09:27,150,51,210,473,61,15
06/24/17 09:27,191,6,240,75,98,6
06/24/17 09:27,4,133,179,360,7,3
06/24/17 09:27,192,207,32,869,11,4
06/24/17 09:27,70,115,92,267,142,24
06/24/17 09:27,71,13,77,189,66,4
06/24/17 09:27,93,205,212,677,150,4
06/24/17 09:27,102,187,63,873,13,26
06/24/17 09:27,153,115,142,599,128,30
06/24/17 09:27,44,103,70,817,39,13
06/24/17 09:27,53,133,180,99,108,25
06/24/17 09:27,111,165,21,476,11,10
06/24/17 09:27,110,131,72,89,23,23
06/24/17 09:27,57,14,22,977,128,9
06/24/17 09:27,80,19,52,720,59,16
06/24/17 09:27,115,225,63,554,145,27
06/24/17 09:27,22,251,225,230,8,28
06/24/17 09:27,48,159,107,441,108,13
06/24/17 09:27,71,115,230,458,79,15
06/24/17 09:27,91,24,200,0,145,23
06/24/17 09:27,146,75,216,174,81,27
06/24/17 09:27,193,242,195,897,105,30
06/24/17 09:27,102,197,31,137,60,8
06/24/17 09:27,25,243,72,848,69,22
06/24/17 09:27,41,180,204,769,75,29
06/24/17 09:27,52,122,137,729,65,22
06/24/17 09:27,49,38,129,863,117,23
06/24/17 09:27,55,246,212,815,146,8
06/24/17 09:27,123,40,45,847,15,1
06/24/17 09:27,116,294,158,311,50,2
06/24/17 09:27,125,25,220,799,113,26
06/24/17 09:27,53,156,55,942,102,28
06/24/17 09:27,85,40,163,354,134,9
06/24/17 09:27,146,229,136,554,47,26
06/24/17 09:27,45,265,213,56,83,27
06/24/17 09:27,68,264,172,861,133,9
06/24/17 09:27,67,145,180,88,29,11
06/24/17 09:27,184,208,106,291,72,24
06/24/17 09:27,78,35,69,794,10,1
06/24/17 09:27,56,142,13,697,63,13
06/24/17 09:27,18,243,229,755,6,15
06/24/17 09:27,149,275,155,411,78,24
06/24/17 09:27,25,198,43,881,0,1
06/24/17 09:27,176,53,198,955,27,28
06/24/17 09:27,115,282,120,100,92,11
06/24/17 09:27,194,75,242,199,112,22
06/24/17 09:27,53,258,191,766,20,28
06/24/17 09:27,104,201,118,365,59,20
06/24/17 09:27,66,195,243,561,17,4
06/24/17 09:27,197,205,229,383,28,4
06/24/17 09:27,166,109,94,931,67,18
06/24/17 09:27,68,281,37,37,17,28
06/24/17 09:27,50,8,193,609,9,25
06/24/17 09:27,140,22,201,99,30,26
06/24/17 09:27,34,260,8,716,52,19
06/24/17 09:27,47,187,94,422,23,11
06/24/17 09:27,14,233,172,922,110,2
06/24/17 09:27,193,150,129,443,125,23
06/24/17 09:27,158,187,179,708,138,26
06/24/17 09:27,195,161,39,962,86,26
06/24/17 09:27,90,260,102,705,127,6
06/24/17 09:27,185,265,80,978,78,25
06/24/17 09:27,189,167,44,488,110,7
06/24/17 09:27,50,101,134,144,51,7
06/24/17 09:27,86,58,5,372,53,5
06/24/17 09:27,7,84,87,98,71,23
06/24/17 09:27,197,202,101,81,136,17
06/24/17 09:27,176,3,48,182,34,20
06/24/17 09:27,36,272,170,648,96,8
06/24/17 09:27,51,280,114,620,18,19
06/24/17 09:27,97,89,250,778,66,22
06/24/17 09:27,175,19,160,923,133,9
06/24/17 09:27,178,200,190,706,93,16
06/24/17 09:27,130,161,165,466,102,22
06/24/17 09:27,35,96,1,898,122,1
06/24/17 09:27,5,91,16,278,103,25
06/24/17 09:27,165,153,249,771,40,5
06/24/17 09:27,72,236,7,225,77,13
06/24/17 09:27,94,283,79,179,9,5
06/24/17 09:27,129,278,220,338,4,4
06/24/17 09:27,126,255,225,471,34,28
06/24/17 09:27,142,62,218,841,92,20
06/24/17 09:27,99,293,15,622,36,21
06/24/17 09:27,185,42,88,53,91,3
06/24/17 09:27,109,55,30,857,52,18
06/24/17 09:27,166,243,147,208,112,21
06/24/17 09:27,37,124,116,133,127,13
06/24/17 09:27,6,198,83,673,114,26
06/24/17 09:27,92,267,212,700,95,21
06/24/17 09:27,196,195,31,584,11,13
06/24/17 09:27,89,185,91,448,119,12
06/24/17 09:27,183,216,78,797,80,19
06/24/17 09:27,5,138,136,880,64,13
06/24/17 09:27,197,276,92,237,56,24
06/24/17 09:27,37,127,109,900,77,14
06/24/17 09:27,130,235,214,133,89,23
06/24/17 09:27,167,189,128,930,64,3
06/24/17 09:27,149,286,80,410,74,10
06/24/17 09:27,51,144,223,430,32,12
06/24/17 09:27,60,230,86,425,149,22
06/24/17 09:27,21,40,156,815,88,6
06/24/17 09:27,21,43,233,972,60,2
06/24/17 09:27,139,210,133,106,134,12
06/24/17 09:27,197,242,177,218,79,25
06/24/17 09:27,155,224,110,512,27,2
06/24/17 09:27,91,170,228,566,26,15
06/24/17 09:27,24,133,228,821,143,30
06/24/17 09:27,16,280,237,704,132,24
06/24/17 09:27,29,275,176,521,33,17
06/24/17 09:27,2,291,63,601,29,8
06/24/17 09:27,136,21,24,292,44,8
06/24/17 09:27,162,71,19,741,1,24
06/24/17 09:27,60,154,100,79,20,17
06/24/17 09:27,42,22,155,629,127,20
06/24/17 09:27,70,221,54,102,41,14
06/24/17 09:27,187,21,15,11,34,10
06/24/17 09:27,95,100,126,368,10,22
06/24/17 09:27,166,261,241,229,83,20
06/24/17 09:27,81,208,151,724,128,24
06/24/17 09:27,186,283,190,129,85,14
06/24/17 09:27,94,256,99,908,109,9
06/24/17 09:27,99,268,48,924,38,30
06/24/17 09:27,22,181,196,469,46,7
06/24/17 09:27,134,279,94,623,135,1
06/24/17 09:27,182,80,86,763,123,11
06/24/17 09:27,171,17,241,654,92,17
06/24/17 09:27,12,285,99,151,106,13
06/24/17 09:27,37,176,14,66,105,21
06/24/17 09:27,91,105,216,890,60,27
06/24/17 09:27,167,94,167,162,84,29
06/24/17 09:27,41,103,40,261,32,7
06/24/17 09:27,28,25,234,331,120,14
06/24/17 09:27,87,58,99,902,142,1
06/24/17 09:27,6,272,168,504,69,2
06/24/17 09:27,22,193,212,205,42,17
06/24/17 09:27,34,33,129,667,120,18
06/24/17 09:27,21,148,155,886,141,25
06/24/17 09:27,165,157,108,386,110,13
06/24/17 09:27,106,87,81,159,118,17
06/24/17 09:27,11,93,182,464,60,17
06/24/17 09:27,60,241,172,876,119,21
06/24/17 09:27,44,107,113,708,44,23
06/24/17 09:27,79,112,106,488,90,4
06/24/17 09:27,5,126,138,551,37,18
06/24/17 09:27,136,242,58,828,91,9
06/24/17 09:27,119,221,147,463,108,14
06/24/17 09:27,39,186,122,573,18,13
06/24/17 09:27,149,294,171,575,13,27
06/24/17 09:27,3,107,235,607,99,20
06/24/17 09:27,58,281,16,845,25,25
06/24/17 09:27,42,31,187,859,67,13
06/24/17 09:27,73,185,156,76,124,12
06/24/17 09:27,105,212,152,677,74,11
06/24/17 09:27,71,5,217,898,11,1
06/24/17 09:27,23,1,244,494,148,15
06/24/17 09:27,15,140,160,231,15,19
06/24/17 09:27,124,239,248,926,141,2
06/24/17 09:27,39,242,206,936,88,4
06/24/17 09:27,176,253,153,374,12,25
06/24/17 09:27,28,66,93,175,108,2
06/24/17 09:27,106,76,4,648,106,15
06/24/17 09:27,2,110,177,880,47,7
06/24/17 09:27,50,155,87,783,135,8
06/24/17 09:27,86,130,143,439,136,25
06/24/17 09:27,68,23,109,634,57,24
06/24/17 09:27,114,153,16,341,51,6
06/24/17 09:27,95,298,161,765,39,6
06/24/17 09:27,19,80,108,194,68,7
06/24/17 09:27,40,31,39,187,131,1
06/24/17 09:27,130,60,170,855,34,26
06/24/17 09:27,181,70,208,233,69,17
06/24/17 09:27,7,87,26,822,11,22
06/24/17 09:27,188,63,74,8,1,18
06/24/17 09:27,16,266,241,785,79,1
06/24/17 09:27,89,2,225,993,92,7
06/24/17 09:27,49,116,218,147,21,15
06/24/17 09:27,107,242,189,486,44,21
06/24/17 09:27,149,53,244,379,53,26
06/24/17 09:27,56,219,79,89,73,23
06/24/17 09:27,199,231,128,763,6,10
06/24/17 09:27,157,156,78,68,96,20
06/24/17 09:27,148,115,128,34,41,9
06/24/17 09:27,90,14,210,204,24,19
06/24/17 09:27,22,92,11,638,116,18
06/24/17 09:27,78,63,152,388,19,9
06/24/17 09:27,25,119,138,842,117,14
06/24/17 09:27,164,153,192,499,72,26
06/24/17 09:27,23,51,222,581,138,7
06/24/17 09:27,152,291,91,509,110,15
06/24/17 09:27,88,198,203,670,134,6
06/24/17 09:27,156,81,232,355,3,18
06/24/17 09:27,106,261,68,13,122,13
06/24/17 09:27,85,17,42,509,33,29
06/24/17 09:27,191,165,3,682,83,4
06/24/17 09:27,166,14,145,725,113,22
06/24/17 09:27,186,69,248,863,61,28
06/24/17 09:27,113,96,147,678,115,3
06/24/17 09:27,84,243,40,349,77,28
06/24/17 09:27,81,112,119,119,29,5
06/24/17 09:27,138,45,3,387,103,20
06/24/17 09:27,139,84,193,480,148,28
06/24/17 09:27,135,30,119,566,38,20
06/24/17 09:27,68,148,130,40,49,12
06/24/17 09:27,133,290,56,753,107,18
06/24/17 09:27,9,157,8,156,90,4
06/24/17 09:27,119,181,29,604,128,7
06/24/17 09:27,116,158,220,895,142,10
06/24/17 09:27,23,83,214,970,83,23
06/24/17 09:27,33,20,57,480,126,30
06/24/17 09:27,39,149,215,78,145,15
06/24/17 09:27,49,267,211,818,76,2
06/24/17 09:27,137,96,125,48,148,7
06/24/17 09:27,128,267,18,400,38,9
06/24/17 09:27,93,183,248,366,18,1
06/24/17 09:27,197,98,211,516,23,23
06/24/17 09:27,99,124,57,879,122,25
06/24/17 09:27,52,128,121,894,86,6
06/24/17 09:27,176,63,194,494,64,14
06/24/17 09:27,19,258,149,241,129,27
06/24/17 09:27,60,154,110,142,142,11
06/24/17 09:27,0,277,95,815,64,22
06/24/17 09:27,96,108,80,908,80,28
06/24/17 09:27,110,72,109,951,11,6
06/24/17 09:27,194,165,60,100,43,10
06/24/17 09:27,0,245,198,605,5,17
06/24/17 09:27,161,240,79,418,47,5
06/24/17 09:27,84,226,216,561,71,6
06/24/17 09:27,124,76,148,755,69,9
06/24/17 09:27,147,124,13,854,91,5
06/24/17 09:27,160,91,148,893,102,20
06/24/17 09:27,66,238,32,47,62,21
06/24/17 09:27,101,31,98,753,100,5
06/24/17 09:27,107,160,27,714,129,3
06/24/17 09:27,159,113,8,952,56,30
06/24/17 09:27,70,147,221,184,63,16
06/24/17 09:27,33,288,168,978,87,5
06/24/17 09:27,84,61,3,440,73,18
06/24/17 09:27,64,138,158,402,123,5
06/24/17 09:27,172,198,107,687,9,11
06/24/17 09:27,115,72,233,157,109,29
06/24/17 09:27,81,5,12,747,42,25
06/24/17 09:27,29,183,157,209,149,21
06/24/17 09:27,200,202,79,114,123,28
06/24/17 09:27,157,183,9,336,19,4
06/24/17 09:27,199,23,132,704,123,5
06/24/17 09:27,64,133,158,900,95,19
06/24/17 09:27,62,141,28,377,46,27
06/24/17 09:27,113,75,188,729,134,5
06/24/17 09:27,198,238,79,857,131,2
06/24/17 09:27,172,28,191,998,29,9
06/24/17 09:27,57,51,132,73,5,3
06/24/17 09:27,121,35,225,510,38,28
06/24/17 09:27,56,272,175,645,91,22
06/24/17 09:27,40,296,215,719,56,15
06/24/17 09:27,178,183,85,429,111,2
06/24/17 09:27,5,165,193,123,79,9
06/24/17 09:27,178,124,11,626,43,5
06/24/17 09:27,67,220,171,596,68,30
06/24/17 09:27,142,114,180,757,99,16
06/24/17 09:27,38,185,190,481,49,10
06/24/17 09:27,184,65,103,158,45,2
06/24/17 09:27,59,201,21,286,32,20
06/24/17 09:27,33,196,221,318,31,27
06/24/17 09:27,100,176,77,279,95,18
06/24/17 09:27,34,46,73,710,32,24
06/24/17 09:27,84,135,171,411,79,29
06/24/17 09:27,42,10,97,664,22,21
06/24/17 09:27,62,280,124,817,147,1
06/24/17 09:27,62,283,112,243,116,14
06/24/17 09:27,153,238,155,162,119,28
06/24/17 09:27,76,44,48,861,141,30
06/24/17 09:27,79,258,155,779,11,7
06/24/17 09:27,141,115,52,983,41,18
06/24/17 09:27,114,52,11,956,42,10
06/24/17 09:27,100,245,56,378,82,9
06/24/17 09:27,90,20,161,775,132,22
06/24/17 09:27,167,51,78,454,91,14
06/24/17 09:27,1,134,7,715,120,21
06/24/17 09:27,52,169,180,238,94,30
06/24/17 09:27,29,289,25,900,38,30
06/24/17 09:27,166,202,199,668,46,11
06/24/17 09:27,10,147,96,555,72,11
06/24/17 09:27,59,53,28,243,56,1
06/24/17 09:27,96,193,97,324,130,22
06/24/17 09:27,161,22,213,809,95,18
06/24/17 09:27,155,299,213,362,21,2
06/24/17 09:27,145,45,21,84,39,12
06/24/17 09:27,186,278,68,739,49,2
06/24/17 09:27,111,91,186,160,73,25
06/24/17 09:27,136,141,101,823,138,25
06/24/17 09:27,2,40,99,249,143,16
06/24/17 09:27,133,64,39,972,59,19
06/24/17 09:27,82,141,116,109,12,23
06/24/17 09:27,178,153,196,433,21,25
06/24/17 09:27,68,60,195,511,85,20
06/24/17 09:27,188,177,60,908,76,10
06/24/17 09:27,194,260,87,758,149,16
06/24/17 09:27,84,91,203,818,120,18
06/24/17 09:27,164,163,184,142,20,11
06/24/17 09:27,8,84,187,621,42,19
06/24/17 09:27,191,133,109,713,85,8
06/24/17 09:27,84,289,141,738,19,27
06/24/17 09:27,164,277,107,24,51,6
06/24/17 09:27,45,159,164,94,141,21
06/24/17 09:27,29,299,134,646,33,22
06/24/17 09:27,5,45,239,428,147,16
06/24/17 09:27,33,115,130,540,93,13
06/24/17 09:27,184,162,39,585,60,27
06/24/17 09:27,178,274,71,825,68,16
06/24/17 09:27,11,181,219,610,77,2
06/24/17 09:27,127,165,249,308,90,18
06/24/17 09:27,153,227,97,428,6,14
06/24/17 09:27,129,140,116,352,57,5
06/24/17 09:27,70,6,136,708,33,13
06/24/17 09:27,122,44,16,874,142,29
06/24/17 09:27,10,145,117,449,17,24
06/24/17 09:27,3,289,196,753,141,4
06/24/17 09:27,137,134,249,765,12,24
06/24/17 09:27,129,282,55,634,20,2
06/24/17 09:27,131,195,248,569,95,29
06/24/17 09:27,29,84,207,436,71,13
06/24/17 09:27,143,36,142,215,47,8
06/24/17 09:27,14,77,209,452,54,16
06/24/17 09:27,79,39,145,279,135,6
06/24/17 09:27,15,4,163,945,10,16
06/24/17 09:27,129,100,169,221,56,2
06/24/17 09:27,101,125,195,64,68,28
06/24/17 09:27,77,35,169,76,44,13
06/24/17 09:27,182,191,234,778,117,3
06/24/17 09:27,37,196,70,329,52,12
06/24/17 09:27,189,286,25,780,31,6
06/24/17 09:27,3,91,13,537,137,3
06/24/17 09:27,165,123,75,39,58,19
06/24/17 09:27,128,145,83,928,16,18
06/24/17 09:27,70,49,101,893,89,15
06/24/17 09:27,136,5,78,147,71,17
06/24/17 09:27,57,300,147,833,8,4
06/24/17 09:27,140,290,127,497,24,17
06/24/17 09:27,68,39,217,197,86,3
06/24/17 09:27,192,55,137,661,57,27
06/24/17 09:27,81,14,248,695,101,13
06/24/17 09:27,133,215,57,967,148,9
06/24/17 09:27,178,51,92,891,131,16
06/24/17 09:27,138,211,139,360,91,2
06/24/17 09:27,114,235,70,551,22,29
06/24/17 09:27,35,10,67,231,10,30
06/24/17 09:27,44,24,137,251,101,16
06/24/17 09:27,128,39,157,63,28,14
06/24/17 09:27,38,16,241,778,116,6
06/24/17 09:27,10,60,150,261,29,10
06/24/17 09:27,19,166,34,869,39,15
06/24/17 09:27,39,135,211,521,103,10
06/24/17 09:27,198,159,117,924,127,22
06/24/17 09:27,57,73,72,905,93,25
06/24/17 09:27,194,265,90,283,142,18
06/24/17 09:27,141,175,49,831,123,27
06/24/17 09:27,174,232,50,867,93,23
06/24/17 09:27,176,232,164,904,19,16
06/24/17 09:27,139,199,13,209,131,9
06/24/17 09:27,177,64,5,856,99,2
06/24/17 09:27,41,87,168,479,9,25
06/24/17 09:27,119,275,23,199,18,25
06/24/17 09:27,11,21,60,703,26,18
06/24/17 09:27,148,273,223,178,8,10
06/24/17 09:27,129,238,45,500,148,14
06/24/17 09:27,72,196,163,117,27,11
06/24/17 09:27,77,174,77,152,148,12
06/24/17 09:27,12,283,36,910,30,16
06/24/17 09:27,134,140,182,785,23,24
06/24/17 09:27,12,129,115,100,67,18
06/24/17 09:27,81,225,237,99,26,15
06/24/17 09:27,72,220,226,253,81,8
06/24/17 09:27,16,51,53,877,26,26
06/24/17 09:27,33,105,80,720,52,19
06/24/17 09:27,49,269,26,203,5,9
06/24/17 09:27,110,245,111,281,143,7
06/24/17 09:27,64,205,201,262,135,26
06/24/17 09:27,158,147,169,809,58,21
06/24/17 09:27,28,140,118,833,83,30
06/24/17 09:27,39,264,138,487,43,15
06/24/17 09:27,167,211,223,147,106,30
06/24/17 09:27,103,138,43,699,63,25
06/24/17 09:27,155,288,222,828,61,25
06/24/17 09:27,101,242,87,909,68,12
06/24/17 09:27,141,121,166,788,127,12
06/24/17 09:27,53,118,103,547,29,15
06/24/17 09:27,164,142,179,350,115,16
06/24/17 09:27,8,254,28,242,116,21
06/24/17 09:27,1,59,235,179,18,27
06/24/17 09:27,169,216,16,509,140,14
06/24/17 09:27,108,120,224,859,0,10
06/24/17 09:27,23,257,148,982,72,30
06/24/17 09:27,37,45,98,208,16,7
06/24/17 09:27,0,189,68,732,54,16
06/24/17 09:27,120,139,211,690,79,18
06/24/17 09:27,55,97,101,441,21,14
06/24/17 09:27,115,120,224,11,126,29
06/24/17 09:27,168,127,3,391,133,3
06/24/17 09:27,73,41,146,809,43,19
06/24/17 09:27,28,153,150,122,140,6
06/24/17 09:27,50,205,145,86,103,29
06/24/17 09:27,69,145,92,372,64,7
06/24/17 09:27,184,182,116,110,66,4
06/24/17 09:27,177,135,57,962,111,13
06/24/17 09:27,174,91,175,247,95,19
06/24/17 09:27,84,94,250,646,140,13
06/24/17 09:27,190,178,199,386,96,11
06/24/17 09:27,156,120,209,230,107,18
06/24/17 09:27,15,223,4,647,52,8
06/24/17 09:27,99,70,184,722,53,28
06/24/17 09:27,62,122,61,466,25,22
06/24/17 09:27,189,153,137,916,48,24
06/24/17 09:27,91,207,158,831,143,6
06/24/17 09:27,197,37,63,148,85,25
06/24/17 09:27,40,259,47,925,148,21
06/24/17 09:27,70,57,18,351,137,20
06/24/17 09:27,150,234,182,690,9,23
06/24/17 09:27,180,242,15,175,73,23
06/24/17 09:27,86,59,204,462,89,27
06/24/17 09:27,125,230,45,975,47,15
06/24/17 09:27,23,134,79,679,23,1
06/24/17 09:27,113,254,121,946,27,18
06/24/17 09:27,180,275,183,685,0,24
06/24/17 09:27,180,284,212,921,52,10
06/24/17 09:27,15,222,205,399,136,19
06/24/17 09:27,113,196,239,929,62,18
06/24/17 09:27,46,23,58,550,74,30
06/24/17 09:27,16,187,47,329,7,7
06/24/17 09:27,48,187,208,220,131,9
06/24/17 09:27,64,146,216,742,9,21
06/24/17 09:27,69,174,200,983,34,30
06/24/17 09:27,55,217,200,465,140,5
06/24/17 09:27,150,144,56,467,20,6
06/24/17 09:27,160,175,125,15,44,5
06/24/17 09:27,10,206,52,312,44,17
06/24/17 09:27,114,8,46,419,114,21
06/24/17 09:27,7,169,82,205,112,16
06/24/17 09:27,87,10,199,401,74,19
06/24/17 09:27,113,57,78,568,58,11
06/24/17 09:27,42,210,81,792,6,11
06/24/17 09:27,185,129,124,797,52,24
06/24/17 09:27,173,3,21,630,48,16
06/24/17 09:27,169,183,87,724,133,10
06/24/17 09:27,145,70,105,318,116,5
06/24/17 09:27,134,25,20,746,79,16
06/24/17 09:27,190,202,226,674,56,11
06/24/17 09:27,12,195,100,746,0,18
06/24/17 09:27,100,2,195,894,125,3
06/24/17 09:27,141,38,247,247,39,16
06/24/17 09:27,69,214,176,117,38,18
06/24/17 09:27,171,164,167,280,5,10
06/24/17 09:27,124,228,248,706,116,1
06/24/17 09:27,194,212,34,372,0,10
06/24/17 09:27,141,21,87,611,108,28
06/24/17 09:27,111,254,191,421,91,19
06/24/17 09:27,50,203,74,503,12,22
06/24/17 09:27,59,20,111,680,37,18
06/24/17 09:27,129,56,62,355,36,16
06/24/17 09:27,85,36,44,595,74,13
06/24/17 09:27,30,80,191,391,9,10
06/24/17 09:27,154,32,98,335,120,1
06/24/17 09:27,27,53,206,784,65,3
06/24/17 09:27,1,211,197,549,138,20
06/24/17 09:27,116,123,210,125,36,3
06/24/17 09:27,105,300,18,820,104,7
06/24/17 09:27,92,207,131,937,135,15
06/24/17 09:27,155,244,171,566,101,23
06/24/17 09:27,82,298,56,249,83,29
06/24/17 09:27,86,102,215,825,19,3
06/24/17 09:27,18,66,114,750,88,22
06/24/17 09:27,191,166,169,190,23,1
06/24/17 09:27,140,114,214,138,10,28
06/24/17 09:27,44,106,214,622,40,29
06/24/17 09:27,200,248,8,513,134,21
06/24/17 09:27,105,164,127,870,132,22
06/24/17 09:27,18,274,44,711,30,14
06/24/17 09:27,154,71,244,246,74,4
06/24/17 09:27,26,264,12,140,19,2
06/24/17 09:27,162,91,144,980,133,3
06/24/17 09:27,179,220,38,185,3,19
06/24/17 09:27,135,197,92,726,139,1
06/24/17 09:27,76,2,51,624,106,28
06/24/17 09:27,42,64,44,906,76,4
06/24/17 09:27,126,203,213,438,142,13
06/24/17 09:27,53,135,9,726,133,8
06/24/17 09:27,105,8,100,98,80,8
06/24/17 09:27,199,37,199,600,116,11
06/24/17 09:27,46,218,61,598,113,26
06/24/17 09:27,180,25,236,144,107,17
06/24/17 09:27,117,110,18,32,90,15
06/24/17 09:27,122,141,38,631,68,12
06/24/17 09:27,4,138,109,670,105,21
06/24/17 09:27,133,5,2,873,110,8
06/24/17 09:27,15,51,51,575,112,16
06/24/17 09:27,33,125,164,32,145,28
06/24/17 09:27,80,188,229,179,68,3
06/24/17 09:27,156,236,143,715,56,8
06/24/17 09:27,137,174,26,561,78,18
06/24/17 09:27,132,212,208,625,51,21
06/24/17 09:27,126,203,49,691,10,29
06/24/17 09:27,14,158,9,403,73,22
06/24/17 09:27,100,77,198,178,35,23
06/24/17 09:27,24,267,162,881,103,20
06/24/17 09:27,76,184,186,383,81,3
06/24/17 09:27,32,55,247,735,119,14
06/24/17 09:27,170,49,58,639,4,5
06/24/17 09:27,37,237,102,668,43,24
06/24/17 09:27,158,115,213,313,36,5
06/24/17 09:27,172,97,48,37,14,24
06/24/17 09:27,99,246,173,539,64,28
06/24/17 09:27,159,186,213,37,124,29
06/24/17 09:27,108,84,92,777,99,20
06/24/17 09:27,3,121,28,427,72,9
06/24/17 09:27,86,297,95,214,37,8
06/24/17 09:27,65,72,216,735,137,12
06/24/17 09:27,96,269,224,738,113,1
06/24/17 09:27,9,157,56,1000,131,20
06/24/17 09:27,179,187,154,597,145,9
06/24/17 09:27,82,25,31,317,24,6
06/24/17 09:27,162,49,57,792,70,2
06/24/17 09:27,186,40,195,106,38,29
06/24/17 09:27,130,240,197,49,85,13
06/24/17 09:27,174,239,18,369,61,26
06/24/17 09:27,29,287,56,227,95,26
06/24/17 09:27,150,183,183,592,49,16
06/24/17 09:27,156,214,208,480,82,22
06/24/17 09:27,140,101,117,157,118,2
06/24/17 09:27,100,77,131,462,39,29
06/24/17 09:27,126,96,94,674,135,25
06/24/17 09:27,27,289,125,127,24,3
06/24/17 09:27,157,93,42,771,150,4
06/24/17 09:27,187,163,63,310,17,5
06/24/17 09:27,90,79,82,703,3,4
06/24/17 09:27,38,220,173,352,140,20
06/24/17 09:27,137,269,61,928,101,18
06/24/17 09:27,67,7,137,178,65,14
06/24/17 09:27,169,116,54,122,112,8
06/24/17 09:27,148,183,203,461,67,29
06/24/17 09:27,41,134,50,518,104,6
06/24/17 09:27,131,186,239,746,138,12
06/24/17 09:27,140,253,25,358,139,14
06/24/17 09:27,148,283,156,965,20,20
06/24/17 09:27,186,195,164,337,66,20
06/24/17 09:27,107,122,104,997,101,10
06/24/17 09:27,110,189,232,697,58,3
06/24/17 09:27,124,95,5,326,42,30
06/24/17 09:27,31,98,152,67,134,19
06/24/17 09:27,119,263,6,799,117,16
06/24/17 09:27,169,292,23,595,45,23
06/24/17 09:27,33,75,156,640,70,4
06/24/17 09:27,140,37,237,151,5,15
06/24/17 09:27,129,14,126,780,23,7
06/24/17 09:27,2,148,102,632,85,3
06/24/17 09:27,142,89,37,403,101,20
06/24/17 09:27,153,164,147,436,103,16
06/24/17 09:27,21,38,203,64,41,26
06/24/17 09:27,103,66,86,273,81,26
06/24/17 09:27,6,50,173,280,68,20
06/24/17 09:27,13,241,25,606,73,2
06/24/17 09:27,63,284,75,541,76,15
06/24/17 09:27,114,20,230,392,64,23
06/24/17 09:27,63,110,42,844,75,18
06/24/17 09:27,75,186,154,837,138,25
06/24/17 09:27,198,27,13,621,108,23
06/24/17 09:27,189,133,41,99,12,4
06/24/17 09:27,84,261,92,561,72,11
06/24/17 09:27,22,40,154,249,137,24
06/24/17 09:27,145,173,44,451,84,24
06/24/17 09:27,3,233,65,470,122,5
06/24/17 09:27,161,219,235,313,4,8
06/24/17 09:27,189,135,220,62,24,22
06/24/17 09:27,120,72,26,532,46,17
06/24/17 09:27,197,4,64,335,99,13
06/24/17 09:27,182,196,246,378,58,11
06/24/17 09:27,102,106,3,892,113,6
06/24/17 09:27,180,252,197,442,79,1
06/24/17 09:27,80,147,109,705,19,22
06/24/17 09:27,24,113,4,759,94,20
06/24/17 09:27,179,21,59,439,26,21
06/24/17 09:27,150,128,243,274,29,26
06/24/17 09:27,155,35,147,128,34,19
06/24/17 09:27,10,107,243,669,79,5
06/24/17 09:27,39,77,212,225,105,19
06/24/17 09:27,161,15,130,270,94,2
06/24/17 09:27,42,193,168,890,111,27
06/24/17 09:27,183,50,33,482,1,10
06/24/17 09:27,135,1,63,969,13,3
06/24/17 09:27,6,299,189,73,82,24
06/24/17 09:27,195,230,162,181,2,29
06/24/17 09:27,11,168,127,205,39,10
06/24/17 09:27,35,203,215,57,143,26
06/24/17 09:27,165,72,165,5,34,14
06/24/17 09:27,31,158,149,324,55,25
06/24/17 09:27,83,134,53,827,149,9
06/24/17 09:27,5,251,110,995,145,26
06/24/17 09:27,15,121,105,723,32,21
06/24/17 09:27,93,227,5,3,60,15
06/24/17 09:27,67,113,222,19,146,25
06/24/17 09:27,158,125,25,803,75,14
06/24/17 09:27,65,29,172,786,123,24
06/24/17 09:27,135,108,41,679,140,18
06/24/17 09:27,145,107,77,703,149,25
06/24/17 09:27,15,196,69,875,48,28
06/24/17 09:27,168,161,122,717,77,5
06/24/17 09:27,25,186,109,322,33,23
06/24/17 09:27,133,10,90,746,55,4
06/24/17 09:27,83,143,206,180,150,19
06/24/17 09:27,134,174,29,520,22,11
06/24/17 09:27,112,240,85,540,68,16
06/24/17 09:27,172,38,151,519,3,14
06/24/17 09:27,64,186,9,433,130,2
06/24/17 09:27,38,132,182,937,66,27
06/24/17 09:27,188,156,166,909,76,7
06/24/17 09:27,195,192,204,533,60,6
06/24/17 09:27,0,9,28,703,105,23
06/24/17 09:27,165,217,210,519,62,28
06/24/17 09:27,150,214,222,951,115,29
06/24/17 09:27,82,236,249,560,35,13
06/24/17 09:27,107,77,242,189,48,11
06/24/17 09:27,194,118,215,299,34,22
06/24/17 09:27,173,100,92,212,77,18
06/24/17 09:27,132,220,61,317,129,25
06/24/17 09:27,145,244,143,598,150,27
06/24/17 09:27,174,32,80,456,139,22
06/24/17 09:27,109,19,11,58,71,29
06/24/17 09:27,54,10,237,220,78,9
06/24/17 09:27,23,284,32,464,96,6
06/24/17 09:27,158,18,11,677,93,2
06/24/17 09:27,158,86,28,478,108,15
06/24/17 09:27,170,133,43,152,55,5
06/24/17 09:27,176,262,168,56,144,13
06/24/17 09:27,191,296,143,372,51,27
06/24/17 09:27,48,225,173,186,96,14
06/24/17 09:27,130,66,79,467,28,9
06/24/17 09:27,90,208,90,64,51,19
06/24/17 09:27,123,263,234,170,16,11
06/24/17 09:27,61,218,249,247,132,24
06/24/17 09:27,153,180,204,846,61,2
06/24/17 09:27,149,276,209,507,67,8
06/24/17 09:27,32,227,126,834,61,12
06/24/17 09:27,87,273,162,511,73,26
06/24/17 09:27,84,283,109,684,55,23
06/24/17 09:27,188,45,241,927,29,29
06/24/17 09:27,39,150,153,411,79,11
06/24/17 09:27,39,89,47,343,86,5
06/24/17 09:27,184,277,73,574,128,30
06/24/17 09:27,20,289,138,898,49,15
06/24/17 09:27,19,27,140,912,99,11
06/24/17 09:27,154,136,237,194,91,1
06/24/17 09:27,6,95,155,560,38,2
06/24/17 09:27,109,167,197,505,109,1
06/24/17 09:27,199,3,153,367,73,10
06/24/17 09:27,185,187,198,551,43,30
06/24/17 09:27,120,9,115,885,30,21
06/24/17 09:27,14,101,159,193,57,8
06/24/17 09:27,110,213,113,254,82,18
06/24/17 09:27,52,139,228,899,39,9
06/24/17 09:27,21,17,155,525,147,28
06/24/17 09:27,114,267,99,916,150,3
06/24/17 09:27,77,34,11,336,140,1
06/24/17 09:27,197,159,69,396,144,1
06/24/17 09:27,193,250,147,744,48,11
06/24/17 09:27,9,184,95,804,59,9
06/24/17 09:27,48,148,204,959,133,21
06/24/17 09:27,139,138,166,914,134,28
06/24/17 09:27,84,131,56,680,17,22
06/24/17 09:27,65,220,73,601,18,28
06/24/17 09:27,144,144,181,303,77,2
06/24/17 09:27,163,45,32,227,15,19
06/24/17 09:27,96,140,219,12,94,29
06/24/17 09:27,174,102,218,400,148,26
06/24/17 09:27,2,66,140,841,109,3
06/24/17 09:27,139,34,5,313,131,27
06/24/17 09:27,190,1,220,356,35,26
06/24/17 09:27,73,160,207,705,81,20
06/24/17 09:27,112,249,68,266,4,13
06/24/17 09:27,79,270,116,805,136,15
06/24/17 09:27,6,231,219,241,70,6
06/24/17 09:27,18,279,147,694,47,4
06/24/17 09:27,33,40,113,641,123,1
06/24/17 09:27,128,129,147,601,46,17
06/24/17 09:27,57,153,51,96,23,18
06/24/17 09:27,66,212,185,520,139,28
06/24/17 09:27,175,139,6,89,42,9
06/24/17 09:27,198,225,136,926,124,11
06/24/17 09:27,96,109,168,491,125,11
06/24/17 09:27,76,173,171,106,83,6
06/24/17 09:27,125,87,130,281,88,5
06/24/17 09:27,174,3,242,479,109,6
06/24/17 09:27,143,123,42,848,129,17
06/24/17 09:27,155,283,91,906,23,25
06/24/17 09:27,59,285,76,566,135,4
06/24/17 09:27,35,190,105,915,100,6
06/24/17 09:27,22,224,94,162,17,29
06/24/17 09:27,21,4,93,868,14,25
06/24/17 09:27,1,39,249,411,144,13
06/24/17 09:27,3,93,195,478,1,6
06/24/17 09:27,116,63,175,743,14,7
06/24/17 09:27,157,117,2,584,17,7
06/24/17 09:27,160,272,198,726,85,29
06/24/17 09:27,104,262,56,632,23,13
06/24/17 09:27,103,245,151,984,148,10
06/24/17 09:27,168,285,214,334,77,20
06/24/17 09:27,133,50,131,441,53,16
06/24/17 09:27,116,244,204,581,21,8
06/24/17 09:27,82,198,249,745,117,19
06/24/17 09:27,178,236,167,757,32,6
06/24/17 09:27,21,29,172,405,31,13
06/24/17 09:27,60,272,98,391,116,2
06/24/17 09:27,179,18,150,360,140,25
06/24/17 09:27,48,257,20,809,24,18
06/24/17 09:27,41,119,23,221,92,1
06/24/17 09:27,32,123,181,226,90,20
06/24/17 09:27,54,157,72,818,34,11
06/24/17 09:27,0,114,228,396,127,23
06/24/17 09:27,180,114,175,998,30,27
06/24/17 09:27,100,74,184,769,146,4
06/24/17 09:27,87,48,130,867,137,19
06/24/17 09:27,95,107,199,149,137,10
06/24/17 09:27,165,38,231,29,81,3
06/24/17 09:27,139,297,63,110,128,5
06/24/17 09:27,96,183,180,146,130,22
06/24/17 09:27,40,166,111,30,132,10
06/24/17 09:27,120,60,84,609,104,22
06/24/17 09:27,97,260,64,581,15,25
06/24/17 09:27,142,296,222,152,104,22
06/24/17 09:27,57,276,41,208,81,5
06/24/17 09:27,53,298,26,188,121,14
06/24/17 09:27,119,149,213,387,107,25
06/24/17 09:27,122,122,25,886,87,23
06/24/17 09:27,96,178,201,138,4,11
06/24/17 09:27,160,27,152,269,46,30
06/24/17 09:27,24,152,63,525,116,14
06/24/17 09:27,188,125,53,685,73,10
06/24/17 09:27,127,249,18,421,18,16
06/24/17 09:27,90,83,122,148,21,24
06/24/17 09:27,94,20,73,804,79,1
06/24/17 09:27,112,277,34,574,21,11
06/24/17 09:27,120,147,69,717,4,17
06/24/17 09:27,39,268,216,891,28,4
06/24/17 09:27,172,170,171,558,70,9
06/24/17 09:27,150,35,151,506,13,1
06/24/17 09:27,38,196,156,79,128,27
06/24/17 09:27,146,187,96,656,86,21
06/24/17 09:27,41,93,1,850,77,16
06/24/17 09:27,155,53,94,868,124,25
06/24/17 09:27,69,291,180,889,144,18
06/24/17 09:27,55,201,205,792,72,6
06/24/17 09:27,151,38,99,190,5,7
06/24/17 09:27,57,119,99,138,81,29
06/24/17 09:27,171,213,152,705,26,19
06/24/17 09:27,89,190,17,508,111,5
06/24/17 09:27,167,111,106,136,51,24
06/24/17 09:27,78,163,57,63,118,19
06/24/17 09:27,24,83,179,103,105,18
06/24/17 09:27,154,100,80,536,32,26
06/24/17 09:27,67,83,48,986,98,24
06/24/17 09:27,152,283,240,819,22,16
06/24/17 09:27,54,116,0,65,31,30
06/24/17 09:27,77,175,1,432,112,19
06/24/17 09:27,44,248,243,313,1,1
06/24/17 09:27,29,278,233,901,3,3
06/24/17 09:27,163,120,151,778,104,12
06/24/17 09:27,180,180,52,25,145,23
06/24/17 09:27,151,188,6,677,59,25
06/24/17 09:27,149,161,250,208,128,17
06/24/17 09:27,134,31,190,92,56,11
06/24/17 09:27,134,297,243,617,82,9
06/24/17 09:27,137,146,211,888,59,13
06/24/17 09:27,197,202,249,311,15,17
06/24/17 09:27,135,91,72,824,113,10
06/24/17 09:27,163,237,242,8,96,18
06/24/17 09:27,30,268,104,514,110,5
06/24/17 09:27,132,299,189,578,35,15
06/24/17 09:27,61,5,30,513,84,22
06/24/17 09:27,134,123,147,89,108,14
06/24/17 09:27,46,145,24,784,88,3
06/24/17 09:27,107,251,108,752,75,6
06/24/17 09:27,186,101,166,628,87,23
06/24/17 09:27,126,77,172,378,108,21
06/24/17 09:27,10,171,209,499,24,1
06/24/17 09:27,47,175,166,254,135,14
06/24/17 09:27,92,195,77,489,100,7
06/24/17 09:27,120,211,154,162,51,24
06/24/17 09:27,96,187,153,296,143,6
06/24/17 09:27,119,138,4,32,64,21
06/24/17 09:27,118,213,119,156,70,6
06/24/17 09:27,113,13,60,43,52,1
06/24/17 09:27,195,91,182,158,61,22
06/24/17 09:27,194,109,55,603,142,18
06/24/17 09:27,65,136,72,834,128,9
06/24/17 09:27,55,29,238,399,82,16
06/24/17 09:27,68,200,8,481,15,10
06/24/17 09:27,141,281,136,378,106,22
06/24/17 09:27,150,191,3,644,105,18
06/24/17 09:27,10,285,176,167,74,5
06/24/17 09:27,164,263,103,321,129,23
06/24/17 09:27,133,20,164,177,88,25
06/24/17 09:27,167,225,99,239,17,7
06/24/17 09:27,9,90,18,890,145,24
06/24/17 09:27,20,120,105,405,138,19
06/24/17 09:27,7,297,9,621,78,26
06/24/17 09:27,176,68,19,783,57,4
06/24/17 09:27,110,7,246,526,144,14
06/24/17 09:27,173,238,246,334,90,8
06/24/17 09:27,150,212,223,118,129,14
06/24/17 09:27,111,288,233,540,46,29
06/24/17 09:27,151,75,211,891,51,14
06/24/17 09:27,69,11,204,131,57,19
06/24/17 09:27,53,127,106,376,3,7
06/24/17 09:27,69,173,136,262,82,17
06/24/17 09:27,88,144,100,781,99,21
06/24/17 09:27,20,157,37,696,11,21
06/24/17 09:27,104,225,222,995,57,22
06/24/17 09:27,5,116,109,560,7,14
06/24/17 09:27,200,211,109,299,55,6
06/24/17 09:27,13,216,162,206,91,14
06/24/17 09:27,72,174,183,522,121,10
06/24/17 09:27,16,255,208,516,147,5
06/24/17 09:27,127,256,188,388,139,7
06/24/17 09:27,175,97,176,811,88,26
06/24/17 09:27,91,250,38,774,41,25
06/24/17 09:27,152,179,46,58,56,3
06/24/17 09:27,74,285,38,897,54,16
06/24/17 09:27,104,284,27,67,116,9
06/24/17 09:27,90,53,134,301,127,2
06/24/17 09:27,175,252,153,295,150,25
06/24/17 09:27,190,60,55,816,94,26
06/24/17 09:27,64,208,197,865,65,3
06/24/17 09:27,170,184,172,317,16,18
06/24/17 09:27,178,174,169,56,127,7
06/24/17 09:27,133,173,209,145,120,18
06/24/17 09:27,35,48,12,481,129,2
06/24/17 09:27,150,109,48,489,113,19
06/24/17 09:27,60,78,49,467,148,23
06/24/17 09:27,73,160,204,44,58,1
06/24/17 09:27,59,21,13,677,79,26
06/24/17 09:27,60,262,204,635,38,30
06/24/17 09:27,106,235,227,137,8,22
06/24/17 09:27,192,114,135,791,0,13
06/24/17 09:27,121,133,58,50,64,19
06/24/17 09:27,76,4,207,946,42,28
06/24/17 09:27,148,72,210,345,143,15
06/24/17 09:27,67,166,169,564,73,26
06/24/17 09:27,117,97,222,424,23,13
06/24/17 09:27,36,46,141,955,70,5
06/24/17 09:27,188,128,128,703,116,24
06/24/17 09:27,136,19,146,300,1,26
06/24/17 09:27,43,234,185,751,40,28
06/24/17 09:27,84,25,55,767,37,27
06/24/17 09:27,36,127,177,79,36,1
06/24/17 09:27,73,87,70,396,24,15
06/24/17 09:27,46,37,20,700,56,8
06/24/17 09:27,50,187,16,892,19,4
06/24/17 09:27,65,59,6,699,44,30
06/24/17 09:27,134,212,183,236,23,27
06/24/17 09:27,132,210,149,452,40,12
06/24/17 09:27,77,232,22,194,77,21
06/24/17 09:27,105,35,128,429,118,16
06/24/17 09:27,1,113,99,44,96,30
06/24/17 09:27,134,241,126,942,51,19
06/24/17 09:27,133,151,141,965,54,7
06/24/17 09:27,179,280,103,463,29,28
06/24/17 09:27,10,92,223,821,6,26
06/24/17 09:27,115,167,70,478,127,21
06/24/17 09:27,176,24,7,23,126,8
06/24/17 09:27,141,86,177,268,120,22
06/24/17 09:27,165,62,142,313,48,24
06/24/17 09:27,185,103,84,526,90,2
06/24/17 09:27,169,196,247,532,69,17
06/24/17 09:27,150,158,149,899,48,7
06/24/17 09:27,169,8,99,476,145,12
06/24/17 09:27,7,26,174,241,52,14
06/24/17 09:27,83,135,21,568,85,20
06/24/17 09:27,41,181,116,500,59,11
06/24/17 09:27,43,271,6,695,88,16
06/24/17 09:27,53,76,161,436,35,11
06/24/17 09:27,189,110,232,370,110,8
06/24/17 09:27,38,150,193,534,76,7
06/24/17 09:27,156,100,79,627,85,7
06/24/17 09:27,33,261,9,363,111,28
06/24/17 09:27,40,101,126,234,66,6
06/24/17 09:27,165,202,57,14,146,28
06/24/17 09:27,186,155,17,544,33,3
06/24/17 09:27,189,226,51,18,53,21
06/24/17 09:27,25,63,27,749,43,24
06/24/17 09:27,30,279,160,740,26,16
06/24/17 09:27,6,112,161,302,9,12
06/24/17 09:27,16,146,152,932,132,13
06/24/17 09:27,166,245,133,823,113,20
06/24/17 09:27,113,73,148,365,19,11
06/24/17 09:27,173,190,114,182,4,16
06/24/17 09:27,189,71,115,730,86,27
06/24/17 09:27,183,12,72,179,58,30
06/24/17 09:27,115,164,119,94,126,13
06/24/17 09:27,50,186,127,334,33,2
06/24/17 09:27,88,13,85,799,18,5
06/24/17 09:27,192,267,93,277,48,18
06/24/17 09:27,6,288,171,433,69,14
06/24/17 09:27,98,171,96,136,32,11
06/24/17 09:27,120,77,23,449,121,8
06/24/17 09:27,129,32,114,774,95,10
06/24/17 09:27,32,264,28,731,132,4
06/24/17 09:27,121,80,63,982,134,29
