06/24/17 09:27,139,113,132,802,133,1
06/24/17 09:27,141,46,230,622,145,1
06/24/17 09:27,114,52,208,331,146,23
06/24/17 09:27,77,135,87,635,88,23
06/24/17 09:27,166,26,145,221,39,12
06/24/17 09:27,88,196,93,299,10,22
06/24/17 09:27,23,276,4,219,62,7
06/24/17 09:27,72,204,192,991,110,18
06/24/17 09:27,67,299,102,471,114,21
06/24/17 09:27,37,58,117,778,91,27
06/24/17 09:27,26,106,5,604,10,27
06/24/17 09:27,146,268,193,656,116,9
06/24/17 09:27,10,102,64,62,139,14
06/24/17 09:27,115,74,232,716,33,25
06/24/17 09:27,196,290,42,59,90,3
06/24/17 09:27,55,14,20,362,120,15
06/24/17 09:27,95,196,146,392,56,20
06/24/17 09:27,79,276,28,366,71,7
06/24/17 09:27,138,65,112,542,104,26
06/24/17 09:27,66,128,123,151,59,30
06/24/17 09:27,35,73,157,75,76,15
06/24/17 09:27,106,225,110,445,133,10
06/24/17 09:27,84,86,245,637,42,27
06/24/17 09:27,175,267,155,692,58,20
06/24/17 09:27,109,153,63,829,141,20
06/24/17 09:27,65,202,147,129,123,29
06/24/17 09:27,8,157,51,897,28,15
06/24/17 09:27,14,152,23,156,114,20
06/24/17 09:27,191,57,78,639,13,21
06/24/17 09:27,130,132,63,455,67,29
06/24/17 09:27,12,252,103,696,85,27
06/24/17 09:27,101,84,196,772,78,9
06/24/17 09:27,84,168,182,139,147,16
06/24/17 09:27,15,96,167,630,62,15
06/24/17 09:27,177,96,181,272,132,14
06/24/17 09:27,130,92,134,742,103,4
06/24/17 09:27,113,18,39,181,89,5
06/24/17 09:27,14,15,148,606,116,17
06/24/17 09:27,91,224,1,44,128,14
06/24/17 09:27,179,184,37,963,80,21
06/24/17 09:27,187,199,227,75,102,30
06/24/17 09:27,103,63,160,214,51,3
06/24/17 09:27,40,74,56,611,71,23
06/24/17 09:27,128,73,152,593,44,17
06/24/17 09:27,61,27,76,617,29,19
06/24/17 09:27,186,264,176,886,131,16
06/24/17 09:27,157,277,210,174,89,2
06/24/17 09:27,131,53,27,826,78,30
06/24/17 09:27,38,257,240,419,46,5
06/24/17 09:27,195,80,15,77,141,19
06/24/17 09:27,112,15,136,570,72,10
06/24/17 09:27,112,201,233,377,2,17
06/24/17 09:27,187,83,166,851,24,3
06/24/17 09:27,94,151,214,176,69,14
06/24/17 09:27,21,114,207,436,112,24
06/24/17 09:27,26,208,10,791,109,29
06/24/17 09:27,89,182,53,134,23,8
06/24/17 09:27,114,76,107,934,32,21
06/24/17 09:27,158,222,188,696,29,12
06/24/17 09:27,50,21,162,359,52,25
06/24/17 09:27,186,299,191,893,69,13
06/24/17 09:27,181,79,89,922,141,14
06/24/17 09:27,159,225,100,70,73,16
06/24/17 09:27,95,73,7,402,38,3
06/24/17 09:27,31,87,164,310,45,2
06/24/17 09:27,93,300,88,811,139,3
06/24/17 09:27,86,119,201,125,46,8
06/24/17 09:27,137,191,2,814,25,14
06/24/17 09:27,134,169,176,205,97,27
06/24/17 09:27,77,66,37,722,99,28
06/24/17 09:27,40,185,246,951,3,6
06/24/17 09:27,104,217,57,423,47,1
06/24/17 09:27,150,116,147,138,44,18
06/24/17 09:27,120,96,128,672,74,27
06/24/17 09:27,177,1,221,805,103,30
06/24/17 09:27,147,28,35,93,62,12
06/24/17 09:27,198,228,80,588,68,26
06/24/17 09:27,166,144,204,248,86,19
06/24/17 09:27,132,279,68,260,59,8
06/24/17 09:27,167,176,121,961,10,19
06/24/17 09:27,42,46,248,251,129,27
06/24/17 09:27,60,124,160,362,12,3
06/24/17 09:27,30,297,208,563,13,21
06/24/17 09:27,90,138,55,980,65,4
06/24/17 09:27,54,224,1,299,123,5
06/24/17 09:27,165,5,74,690,137,4
06/24/17 09:27,173,54,29,238,71,25
06/24/17 09:27,150,6,39,872,57,2
06/24/17 09:27,94,48,237,161,8,12
06/24/17 09:27,10,249,117,683,75,27
06/24/17 09:27,31,72,244,507,16,11
06/24/17 09:27,80,212,99,371,131,29
06/24/17 09:27,172,25,24,374,146,7
06/24/17 09:27,73,188,10,738,99,16
06/24/17 09:27,135,188,64,709,3,12
06/24/17 09:27,102,190,162,95,78,16
06/24/17 09:27,42,15,27,268,137,14
06/24/17 09:27,82,93,192,16,95,28
06/24/17 09:27,82,135,19,829,121,15
06/24/17 09:27,121,286,10,302,38,20
06/24/17 09:27,144,164,217,899,81,30
06/24/17 09:27,13,238,226,465,85,10
06/24/17 09:27,126,275,250,985,70,15
06/24/17 09:27,92,202,57,338,7,18
06/24/17 09:27,115,215,176,326,93,30
06/24/17 09:27,143,26,219,536,78,7
06/24/17 09:27,34,275,95,807,12,3
06/24/17 09:27,52,276,183,958,148,8
06/24/17 09:27,197,43,216,908,136,11
06/24/17 09:27,32,178,190,33,59,2
06/24/17 09:27,19,48,143,173,131,6
06/24/17 09:27,182,220,85,941,103,11
06/24/17 09:27,44,62,178,871,132,16
06/24/17 09:27,116,17,113,955,16,28
06/24/17 09:27,114,282,11,466,147,2
06/24/17 09:27,189,159,248,679,78,1
06/24/17 09:27,62,129,231,806,104,4
06/24/17 09:27,115,90,128,398,69,23
06/24/17 09:27,55,57,107,354,75,6
06/24/17 09:27,191,234,200,819,116,13
06/24/17 09:27,131,152,192,568,132,16
06/24/17 09:27,66,32,63,49,67,17
06/24/17 09:27,194,93,74,544,4,30
06/24/17 09:27,44,124,29,706,42,29
06/24/17 09:27,45,191,77,495,44,20
06/24/17 09:27,158,74,35,668,141,27
06/24/17 09:27,168,264,223,205,146,19
06/24/17 09:27,49,251,40,696,88,14
06/24/17 09:27,42,141,41,846,142,17
06/24/17 09:27,187,182,222,306,137,18
06/24/17 09:27,196,230,130,39,107,7
06/24/17 09:27,119,267,98,349,119,30
06/24/17 09:27,133,22,112,406,144,1
06/24/17 09:27,70,110,207,317,144,12
06/24/17 09:27,182,38,25,949,49,25
06/24/17 09:27,164,177,60,42,6,10
06/24/17 09:27,57,183,194,568,60,5
06/24/17 09:27,170,102,195,544,150,5
06/24/17 09:27,153,211,118,589,117,19
06/24/17 09:27,62,126,248,52,45,6
06/24/17 09:27,68,239,80,605,110,9
06/24/17 09:27,52,114,216,872,26,7
06/24/17 09:27,196,85,213,280,65,11
06/24/17 09:27,57,240,134,462,145,15
06/24/17 09:27,167,24,200,266,11,12
06/24/17 09:27,147,44,18,466,26,28
06/24/17 09:27,90,208,134,640,16,15
06/24/17 09:27,122,212,57,698,97,13
06/24/17 09:27,146,153,192,810,14,23
06/24/17 09:27,79,69,208,670,6,17
06/24/17 09:27,47,142,165,705,150,21
06/24/17 09:27,159,271,222,616,114,3
06/24/17 09:27,86,290,224,901,30,4
06/24/17 09:27,123,231,110,58,26,30
06/24/17 09:27,85,170,48,440,81,23
06/24/17 09:27,172,279,147,372,9,9
06/24/17 09:27,194,297,214,58,7,20
06/24/17 09:27,107,156,221,182,125,13
06/24/17 09:27,143,214,236,681,105,6
06/24/17 09:27,159,61,125,800,135,1
06/24/17 09:27,156,158,25,648,107,15
06/24/17 09:27,56,113,206,553,128,23
06/24/17 09:27,49,124,38,923,96,9
06/24/17 09:27,74,61,145,721,15,9
06/24/17 09:27,21,196,210,601,66,21
06/24/17 09:27,63,252,16,417,57,26
06/24/17 09:27,152,273,29,416,97,22
06/24/17 09:27,152,273,28,286,25,26
06/24/17 09:27,102,104,34,129,1,6
06/24/17 09:27,20,167,98,767,94,3
06/24/17 09:27,129,269,250,996,134,24
06/24/17 09:27,130,219,125,405,39,22
06/24/17 09:27,84,215,148,248,98,17
06/24/17 09:27,38,288,135,480,57,24
06/24/17 09:27,70,154,142,702,117,22
06/24/17 09:27,161,286,50,690,130,30
06/24/17 09:27,28,0,237,535,7,12
06/24/17 09:27,48,228,222,839,63,6
06/24/17 09:27,61,77,236,849,24,2
06/24/17 09:27,9,124,71,319,7,17
06/24/17 09:27,188,146,181,166,90,26
06/24/17 09:27,102,63,106,690,87,24
06/24/17 09:27,32,96,126,319,89,22
06/24/17 09:27,79,155,183,101,11,12
06/24/17 09:27,86,106,193,993,115,23
06/24/17 09:27,113,220,109,692,39,29
06/24/17 09:27,129,242,148,776,99,13
06/24/17 09:27,145,105,30,187,87,23
06/24/17 09:27,108,101,174,673,38,10
06/24/17 09:27,196,296,232,695,120,27
06/24/17 09:27,182,189,167,242,37,2
06/24/17 09:27,98,101,197,285,64,2
06/24/17 09:27,148,288,133,371,147,6
06/24/17 09:27,74,131,43,969,132,18
06/24/17 09:27,16,156,41,677,45,18
06/24/17 09:27,118,69,231,541,144,10
06/24/17 09:27,151,221,183,280,118,25
06/24/17 09:27,71,216,102,480,75,26
06/24/17 09:27,65,265,71,843,14,2
06/24/17 09:27,75,265,250,850,45,21
06/24/17 09:27,167,127,21,274,54,15
06/24/17 09:27,155,1,100,234,35,9
06/24/17 09:27,40,114,133,869,65,6
06/24/17 09:27,105,275,168,449,147,29
06/24/17 09:27,118,77,15,271,113,29
06/24/17 09:27,143,121,143,499,96,16
06/24/17 09:27,195,80,124,847,121,29
06/24/17 09:27,6,127,98,710,133,11
06/24/17 09:27,74,150,63,596,16,24
06/24/17 09:27,101,124,17,920,93,27
06/24/17 09:27,92,291,14,137,98,17
06/24/17 09:27,0,128,163,971,18,30
06/24/17 09:27,51,68,43,605,102,30
06/24/17 09:27,98,152,69,762,139,11
06/24/17 09:27,146,130,80,549,75,10
06/24/17 09:27,71,298,52,999,69,27
06/24/17 09:27,93,7,163,780,79,29
06/24/17 09:27,166,190,163,412,93,14
06/24/17 09:27,128,36,154,748,19,6
06/24/17 09:27,94,135,177,861,89,25
06/24/17 09:27,128,214,183,174,99,4
06/24/17 09:27,181,48,78,868,116,19
06/24/17 09:27,75,153,184,231,113,1
06/24/17 09:27,168,259,211,182,107,6
06/24/17 09:27,85,225,201,750,46,17
06/24/17 09:27,88,253,177,485,140,26
06/24/17 09:27,0,112,242,929,9,26
06/24/17 09:27,193,115,84,704,76,29
06/24/17 09:27,140,35,246,519,9,21
06/24/17 09:27,115,20,57,342,54,24
06/24/17 09:27,88,109,181,772,13,24
06/24/17 09:27,187,220,37,14,57,23
06/24/17 09:27,135,110,126,9,37,27
06/24/17 09:27,59,11,4,772,51,29
06/24/17 09:27,85,192,71,989,15,11
06/24/17 09:27,197,144,10,249,130,14
06/24/17 09:27,157,82,182,832,2,19
06/24/17 09:27,190,70,104,253,7,28
06/24/17 09:27,44,49,71,658,134,8
06/24/17 09:27,133,167,129,201,93,15
06/24/17 09:27,37,225,219,368,31,28
06/24/17 09:27,148,113,60,8,46,13
06/24/17 09:27,44,218,47,576,146,23
06/24/17 09:27,130,35,185,943,40,13
06/24/17 09:27,165,286,178,636,106,8
06/24/17 09:27,177,283,23,587,78,16
06/24/17 09:27,182,138,30,986,111,4
06/24/17 09:27,161,278,217,690,31,27
06/24/17 09:27,100,280,31,140,1,23
06/24/17 09:27,68,242,209,464,41,22
06/24/17 09:27,176,69,66,468,131,1
06/24/17 09:27,27,136,238,965,18,30
06/24/17 09:27,113,87,68,438,8,26
06/24/17 09:27,107,129,224,328,37,12
06/24/17 09:27,5,62,160,501,24,25
06/24/17 09:27,15,234,231,792,111,12
06/24/17 09:27,117,160,240,560,17,21
06/24/17 09:27,137,54,53,829,94,5
06/24/17 09:27,154,202,180,996,30,12
06/24/17 09:27,137,15,203,439,137,19
06/24/17 09:27,48,59,29,764,40,8
06/24/17 09:27,185,296,83,381,138,18
06/24/17 09:27,68,214,137,717,125,4
06/24/17 09:27,169,299,168,969,25,23
06/24/17 09:27,13,183,94,721,32,15
06/24/17 09:27,140,300,179,366,136,22
06/24/17 09:27,41,146,115,521,62,22
06/24/17 09:27,9,234,28,33,150,24
06/24/17 09:27,193,50,4,397,22,25
06/24/17 09:27,22,39,48,41,88,21
06/24/17 09:27,140,0,173,504,59,20
06/24/17 09:27,188,67,4,298,67,7
06/24/17 09:27,129,72,113,293,45,23
06/24/17 09:27,115,246,116,37,11,14
06/24/17 09:27,159,240,74,201,137,14
06/24/17 09:27,101,185,140,444,8,23
06/24/17 09:27,36,255,127,944,9,20
06/24/17 09:27,125,13,216,926,105,28
06/24/17 09:27,152,173,29,733,86,7
06/24/17 09:27,140,12,167,925,117,12
06/24/17 09:27,9,173,26,644,98,16
06/24/17 09:27,197,87,123,331,116,16
06/24/17 09:27,8,80,143,382,69,19
06/24/17 09:27,9,17,249,563,120,5
06/24/17 09:27,169,243,36,525,116,16
06/24/17 09:27,119,125,74,775,2,4
06/24/17 09:27,61,263,95,665,140,20
06/24/17 09:27,63,124,16,716,48,11
06/24/17 09:27,39,20,60,656,103,3
06/24/17 09:27,185,154,125,801,1,9
06/24/17 09:27,5,95,174,393,36,16
06/24/17 09:27,109,2,77,209,150,12
06/24/17 09:27,16,109,19,915,36,30
06/24/17 09:27,67,30,244,277,1,7
06/24/17 09:27,57,84,28,325,51,9
06/24/17 09:27,123,47,220,3,123,12
06/24/17 09:27,78,26,182,854,141,14
06/24/17 09:27,6,92,88,554,25,11
06/24/17 09:27,8,149,152,574,105,18
06/24/17 09:27,132,17,40,771,4,10
06/24/17 09:27,127,53,21,741,135,17
06/24/17 09:27,67,206,86,3,19,16
06/24/17 09:27,73,173,51,262,86,3
06/24/17 09:27,60,37,238,218,138,19
06/24/17 09:27,26,149,124,733,39,14
06/24/17 09:27,124,185,94,701,146,11
06/24/17 09:27,198,228,193,70,51,9
06/24/17 09:27,29,234,247,568,138,13
06/24/17 09:27,45,22,169,911,13,27
06/24/17 09:27,74,243,66,950,33,8
06/24/17 09:27,25,270,53,774,105,13
06/24/17 09:27,13,191,32,915,17,26
06/24/17 09:27,72,171,194,599,70,18
06/24/17 09:27,152,70,189,48,145,25
06/24/17 09:27,187,231,4,498,11,29
06/24/17 09:27,17,143,220,770,39,10
06/24/17 09:27,82,32,26,273,75,14
06/24/17 09:27,1,122,178,130,0,19
06/24/17 09:27,57,157,247,230,72,22
06/24/17 09:27,128,3,131,146,71,8
06/24/17 09:27,95,45,107,236,89,29
06/24/17 09:27,31,231,55,950,5,1
06/24/17 09:27,200,44,56,640,46,27
06/24/17 09:27,109,64,94,3,41,2
06/24/17 09:27,26,210,96,787,9,30
06/24/17 09:27,132,236,231,921,9,6
06/24/17 09:27,3,155,36,230,21,12
06/24/17 09:27,90,274,64,626,90,15
06/24/17 09:27,116,51,36,211,145,11
06/24/17 09:27,37,112,97,820,53,6
06/24/17 09:27,90,202,244,575,28,17
06/24/17 09:27,175,251,73,740,150,18
06/24/17 09:27,54,54,100,571,52,15
06/24/17 09:27,163,259,168,817,99,17
06/24/17 09:27,87,130,116,151,141,13
06/24/17 09:27,196,296,34,881,25,19
06/24/17 09:27,30,182,200,755,90,19
06/24/17 09:27,6,81,60,775,149,9
06/24/17 09:27,184,132,52,89,66,26
06/24/17 09:27,12,109,3,1,13,30
06/24/17 09:27,105,165,121,450,36,6
06/24/17 09:27,141,278,65,451,40,30
06/24/17 09:27,38,219,230,59,18,12
06/24/17 09:27,101,276,240,739,86,8
06/24/17 09:27,158,243,23,65,18,6
06/24/17 09:27,77,264,92,245,101,28
06/24/17 09:27,59,2,159,663,80,24
06/24/17 09:27,31,82,131,179,71,25
06/24/17 09:27,134,83,198,168,96,21
06/24/17 09:27,53,273,94,40,31,20
06/24/17 09:27,181,56,220,803,139,21
06/24/17 09:27,10,151,54,407,9,11
06/24/17 09:27,80,82,188,979,89,8
06/24/17 09:27,95,136,79,150,18,19
06/24/17 09:27,60,244,111,407,45,10
06/24/17 09:27,75,232,17,27,114,26
06/24/17 09:27,200,217,12,488,137,14
06/24/17 09:27,97,263,222,647,48,15
06/24/17 09:27,18,157,192,517,66,9
06/24/17 09:27,51,48,141,286,119,16
06/24/17 09:27,40,281,171,136,87,15
06/24/17 09:27,27,246,177,379,50,19
06/24/17 09:27,36,176,235,437,11,29
06/24/17 09:27,122,20,123,800,33,3
06/24/17 09:27,159,235,136,569,44,27
06/24/17 09:27,14,34,161,476,42,6
06/24/17 09:27,105,38,73,809,146,7
06/24/17 09:27,33,186,134,843,47,27
06/24/17 09:27,129,190,29,206,36,23
06/24/17 09:27,133,176,14,608,74,29
06/24/17 09:27,99,175,146,600,13,28
06/24/17 09:27,38,14,210,315,137,4
06/24/17 09:27,142,142,171,904,117,8
06/24/17 09:27,192,183,125,710,71,7
06/24/17 09:27,46,25,16,67,90,22
06/24/17 09:27,89,157,58,361,103,9
06/24/17 09:27,101,131,198,630,41,23
06/24/17 09:27,107,279,53,94,68,23
06/24/17 09:27,160,218,50,414,129,4
06/24/17 09:27,24,218,151,538,82,21
06/24/17 09:27,50,193,16,435,70,29
06/24/17 09:27,192,71,210,882,19,18
06/24/17 09:27,197,72,128,10,133,14
06/24/17 09:27,188,30,142,790,123,2
06/24/17 09:27,94,278,229,487,89,1
06/24/17 09:27,193,191,21,915,55,8
06/24/17 09:27,149,49,226,481,75,30
06/24/17 09:27,77,6,140,148,145,7
06/24/17 09:27,14,158,113,566,71,27
06/24/17 09:27,33,126,2,193,56,30
06/24/17 09:27,25,240,139,318,73,18
06/24/17 09:27,18,119,165,89,131,18
06/24/17 09:27,61,294,203,313,50,17
06/24/17 09:27,6,136,225,852,147,18
06/24/17 09:27,196,294,238,845,23,10
06/24/17 09:27,195,36,223,954,6,27
06/24/17 09:27,126,41,213,715,112,15
06/24/17 09:27,189,75,187,735,24,11
06/24/17 09:27,76,71,85,358,119,22
06/24/17 09:27,159,103,230,40,56,1
06/24/17 09:27,128,80,131,672,42,4
06/24/17 09:27,72,28,134,855,82,21
06/24/17 09:27,95,135,146,893,109,23
06/24/17 09:27,67,26,68,619,24,11
06/24/17 09:27,167,34,178,268,80,13
06/24/17 09:27,187,0,183,291,61,17
06/24/17 09:27,190,10,113,869,14,1
06/24/17 09:27,199,10,166,785,134,7
06/24/17 09:27,77,60,59,815,111,26
06/24/17 09:27,89,254,153,576,93,22
06/24/17 09:27,116,128,32,211,46,25
06/24/17 09:27,99,162,170,555,14,13
06/24/17 09:27,198,206,60,970,130,18
06/24/17 09:27,14,91,62,836,84,10
06/24/17 09:27,165,101,233,938,62,28
06/24/17 09:27,128,196,81,832,140,1
06/24/17 09:27,55,237,138,891,139,26
06/24/17 09:27,169,81,104,572,8,6
06/24/17 09:27,145,206,57,220,107,21
06/24/17 09:27,63,263,139,574,146,25
06/24/17 09:27,66,245,50,476,101,2
06/24/17 09:27,100,98,172,701,51,26
06/24/17 09:27,134,209,161,923,82,26
06/24/17 09:27,123,166,26,702,60,1
06/24/17 09:27,167,20,232,646,100,28
06/24/17 09:27,102,244,154,442,89,3
06/24/17 09:27,101,249,7,535,85,12
06/24/17 09:27,190,282,89,66,50,3
06/24/17 09:27,50,237,16,247,81,9
06/24/17 09:27,16,270,36,675,36,29
06/24/17 09:27,46,93,236,590,54,13
06/24/17 09:27,108,181,157,988,77,28
06/24/17 09:27,30,277,168,747,87,9
06/24/17 09:27,28,133,157,373,64,14
06/24/17 09:27,148,218,26,464,5,4
06/24/17 09:27,31,300,94,765,115,25
06/24/17 09:27,194,235,249,878,31,11
06/24/17 09:27,171,75,130,392,103,4
06/24/17 09:27,29,251,151,141,28,3
06/24/17 09:27,197,288,182,827,114,17
06/24/17 09:27,76,171,31,266,77,12
06/24/17 09:27,75,115,166,959,19,11
06/24/17 09:27,59,265,157,203,142,30
06/24/17 09:27,81,118,116,377,108,17
06/24/17 09:27,157,199,6,247,35,11
06/24/17 09:27,15,97,72,855,32,8
06/24/17 09:27,109,215,192,308,126,27
06/24/17 09:27,114,22,157,314,71,12
06/24/17 09:27,29,113,224,849,123,26
06/24/17 09:27,45,177,81,276,111,17
06/24/17 09:27,25,59,18,265,105,23
06/24/17 09:27,116,237,182,689,111,13
06/24/17 09:27,145,85,182,769,129,27
06/24/17 09:27,1,98,194,983,39,20
06/24/17 09:27,153,17,182,520,148,29
06/24/17 09:27,58,290,210,707,125,28
06/24/17 09:27,165,158,18,575,65,2
06/24/17 09:27,68,64,143,862,45,12
06/24/17 09:27,41,151,208,951,47,26
06/24/17 09:27,94,117,77,468,106,9
06/24/17 09:27,143,17,62,781,26,1
06/24/17 09:27,50,125,145,960,58,1
06/24/17 09:27,59,38,23,394,65,5
06/24/17 09:27,30,153,223,882,15,12
06/24/17 09:27,34,194,172,982,26,11
06/24/17 09:27,60,176,89,669,87,21
06/24/17 09:27,56,252,191,76,74,8
06/24/17 09:27,168,245,178,910,65,17
06/24/17 09:27,86,132,99,814,0,6
06/24/17 09:27,95,198,13,529,24,21
06/24/17 09:27,23,144,189,990,73,13
06/24/17 09:27,1,269,239,528,122,17
06/24/17 09:27,19,188,90,128,86,13
06/24/17 09:27,157,206,116,286,104,18
06/24/17 09:27,155,163,195,130,112,25
06/24/17 09:27,138,80,191,744,134,30
06/24/17 09:27,117,105,132,154,92,19
06/24/17 09:27,149,56,108,960,39,28
06/24/17 09:27,159,253,50,915,11,15
06/24/17 09:27,173,95,243,956,108,17
06/24/17 09:27,194,22,244,605,141,24
06/24/17 09:27,55,36,185,921,50,24
06/24/17 09:27,167,282,155,503,99,18
06/24/17 09:27,34,86,86,34,4,1
06/24/17 09:27,151,295,151,595,109,15
06/24/17 09:27,122,297,3,928,146,28
06/24/17 09:27,123,224,164,723,42,9
06/24/17 09:27,172,267,76,37,27,16
06/24/17 09:27,154,263,215,305,78,2
06/24/17 09:27,132,219,237,723,139,16
06/24/17 09:27,87,292,107,432,99,3
06/24/17 09:27,176,277,24,688,17,5
06/24/17 09:27,147,282,109,633,81,23
06/24/17 09:27,79,161,4,723,117,23
06/24/17 09:27,53,113,131,373,100,1
06/24/17 09:27,128,21,72,411,74,19
06/24/17 09:27,64,129,96,69,49,8
06/24/17 09:27,68,48,46,688,4,20
06/24/17 09:27,76,220,100,771,55,17
06/24/17 09:27,62,181,167,210,146,30
06/24/17 09:27,24,167,56,839,129,4
06/24/17 09:27,37,245,118,737,115,18
06/24/17 09:27,102,294,147,166,69,18
06/24/17 09:27,190,282,32,603,105,16
06/24/17 09:27,107,73,195,966,19,16
06/24/17 09:27,88,94,56,93,60,17
06/24/17 09:27,23,67,200,427,10,9
06/24/17 09:27,142,294,143,319,140,20
06/24/17 09:27,123,13,48,968,110,29
06/24/17 09:27,155,44,210,52,74,15
06/24/17 09:27,173,300,156,942,45,25
06/24/17 09:27,187,254,110,28,112,12
06/24/17 09:27,144,98,183,358,14,18
06/24/17 09:27,150,243,135,619,115,23
06/24/17 09:27,12,36,114,820,12,18
06/24/17 09:27,172,191,33,865,109,7
06/24/17 09:27,167,224,63,543,111,3
06/24/17 09:27,117,72,180,18,68,8
06/24/17 09:27,71,148,196,488,82,21
06/24/17 09:27,36,185,175,714,26,24
06/24/17 09:27,21,151,158,10,82,13
06/24/17 09:27,41,209,25,93,135,14
06/24/17 09:27,149,288,188,300,119,19
06/24/17 09:27,134,175,154,937,68,4
06/24/17 09:27,24,51,149,280,128,22
06/24/17 09:27,149,144,79,824,50,3
06/24/17 09:27,117,190,121,293,105,3
06/24/17 09:27,149,82,195,247,23,20
06/24/17 09:27,39,81,185,150,106,3
06/24/17 09:27,29,287,131,520,106,14
06/24/17 09:27,200,300,22,924,140,15
06/24/17 09:27,69,297,77,408,70,29
06/24/17 09:27,114,1,161,832,87,5
06/24/17 09:27,172,102,239,890,66,4
06/24/17 09:27,136,240,11,164,66,5
06/24/17 09:27,3,87,247,527,56,1
06/24/17 09:27,85,51,95,506,48,3
06/24/17 09:27,136,180,76,343,115,8
06/24/17 09:27,37,161,138,962,36,9
06/24/17 09:27,152,52,225,959,85,27
06/24/17 09:27,30,186,94,707,81,20
06/24/17 09:27,173,239,61,450,38,16
06/24/17 09:27,46,160,172,778,73,5
06/24/17 09:27,169,56,4,466,107,20
06/24/17 09:27,154,274,156,121,58,21
06/24/17 09:27,197,102,52,549,40,5
06/24/17 09:27,98,165,23,151,4,4
06/24/17 09:27,48,147,242,536,72,27
06/24/17 09:27,34,266,99,128,94,26
06/24/17 09:27,94,156,59,430,107,3
06/24/17 09:27,131,287,189,895,122,22
06/24/17 09:27,82,170,209,366,1,23
06/24/17 09:27,138,300,25,317,68,30
06/24/17 09:27,164,226,121,168,146,17
06/24/17 09:27,40,106,185,632,104,28
06/24/17 09:27,63,86,118,7,93,9
06/24/17 09:27,40,266,214,553,71,9
06/24/17 09:27,175,54,41,222,68,1
06/24/17 09:27,147,287,179,725,132,5
06/24/17 09:27,23,144,239,872,57,19
06/24/17 09:27,91,223,12,107,73,17
06/24/17 09:27,198,128,131,890,129,20
06/24/17 09:27,55,194,166,360,104,20
06/24/17 09:27,101,88,37,752,142,15
06/24/17 09:27,9,281,222,994,73,29
06/24/17 09:27,183,169,143,50,103,5
06/24/17 09:27,9,267,34,514,143,12
06/24/17 09:27,171,108,207,885,77,21
06/24/17 09:27,44,163,103,912,1,7
06/24/17 09:27,161,201,71,234,141,2
06/24/17 09:27,19,5,32,107,6,13
06/24/17 09:27,189,59,54,589,59,7
06/24/17 09:27,82,91,35,437,134,24
06/24/17 09:27,67,186,11,405,130,25
06/24/17 09:27,115,148,177,599,99,21
06/24/17 09:27,141,169,102,405,63,7
06/24/17 09:27,120,28,18,517,24,4
06/24/17 09:27,104,186,218,848,120,18
06/24/17 09:27,72,240,148,318,58,26
06/24/17 09:27,194,56,5,325,58,21
06/24/17 09:27,8,144,58,617,133,20
06/24/17 09:27,95,167,175,688,76,20
06/24/17 09:27,12,257,237,546,27,1
06/24/17 09:27,54,76,39,711,136,18
06/24/17 09:27,79,108,87,209,69,8
06/24/17 09:27,100,298,129,797,77,20
06/24/17 09:27,164,210,121,731,57,21
06/24/17 09:27,79,103,135,160,4,1
06/24/17 09:27,34,12,119,210,127,15
06/24/17 09:27,79,88,199,979,72,17
06/24/17 09:27,115,30,99,149,62,17
06/24/17 09:27,41,151,38,41,73,22
06/24/17 09:27,154,247,43,526,38,18
06/24/17 09:27,135,90,108,818,127,26
06/24/17 09:27,54,279,72,50,34,29
06/24/17 09:27,186,60,54,12,119,21
06/24/17 09:27,44,270,224,540,82,23
06/24/17 09:27,127,27,30,491,46,23
06/24/17 09:27,54,213,184,359,70,4
06/24/17 09:27,180,147,141,646,95,13
06/24/17 09:27,38,11,101,449,2,25
06/24/17 09:27,6,291,174,294,92,13
06/24/17 09:27,173,152,233,738,86,21
06/24/17 09:27,140,38,143,38,104,30
06/24/17 09:27,199,139,69,254,78,17
06/24/17 09:27,158,224,56,975,92,28
06/24/17 09:27,56,22,20,50,2,2
06/24/17 09:27,29,284,43,63,38,22
06/24/17 09:27,7,33,242,580,67,4
06/24/17 09:27,99,147,49,763,129,30
06/24/17 09:27,132,22,119,957,94,5
06/24/17 09:27,116,74,205,834,5,1
06/24/17 09:27,149,216,117,190,101,6
06/24/17 09:27,70,75,103,142,146,4
06/24/17 09:27,34,33,182,490,9,27
06/24/17 09:27,145,11,144,363,41,18
06/24/17 09:27,18,47,202,639,125,21
06/24/17 09:27,111,257,71,287,65,9
06/24/17 09:27,134,190,106,302,124,12
06/24/17 09:27,52,45,171,891,127,26
06/24/17 09:27,62,166,188,390,91,5
06/24/17 09:27,178,118,193,889,89,12
06/24/17 09:27,165,266,243,986,95,20
06/24/17 09:27,64,27,249,85,6,3
06/24/17 09:27,119,39,147,564,149,7
06/24/17 09:27,140,142,243,60,22,24
06/24/17 09:27,113,111,117,367,140,8
06/24/17 09:27,46,23,238,601,95,15
06/24/17 09:27,87,182,28,449,60,21
06/24/17 09:27,89,105,86,141,95,7
06/24/17 09:27,198,8,106,847,114,16
06/24/17 09:27,109,151,46,111,59,16
06/24/17 09:27,38,67,133,562,112,16
06/24/17 09:27,95,149,84,385,101,6
06/24/17 09:27,37,250,54,155,87,18
06/24/17 09:27,6,174,55,618,92,14
06/24/17 09:27,192,106,55,183,127,16
06/24/17 09:27,154,286,20,436,26,14
06/24/17 09:27,127,242,102,584,150,7
06/24/17 09:27,38,268,115,864,47,4
06/24/17 09:27,137,12,170,474,48,4
06/24/17 09:27,145,110,142,460,2,16
06/24/17 09:27,7,111,64,657,7,24
06/24/17 09:27,118,13,14,411,1,29
06/24/17 09:27,48,267,209,48,51,26
06/24/17 09:27,187,182,63,108,57,12
06/24/17 09:27,51,179,26,913,1,20
06/24/17 09:27,52,269,124,550,65,22
06/24/17 09:27,110,52,157,97,60,8
06/24/17 09:27,150,136,112,489,124,17
06/24/17 09:27,89,26,87,212,71,4
06/24/17 09:27,96,111,172,742,73,20
06/24/17 09:27,61,36,148,905,65,16
06/24/17 09:27,38,184,201,817,118,20
06/24/17 09:27,163,110,127,865,101,28
06/24/17 09:27,195,33,244,407,149,3
06/24/17 09:27,167,269,71,513,49,25
06/24/17 09:27,9,43,16,781,72,29
06/24/17 09:27,78,7,229,683,44,6
06/24/17 09:27,11,2,224,937,83,20
06/24/17 09:27,110,37,195,907,137,29
06/24/17 09:27,105,199,59,514,134,7
06/24/17 09:27,168,179,169,808,87,7
06/24/17 09:27,182,29,51,94,84,22
06/24/17 09:27,64,276,190,983,30,13
06/24/17 09:27,159,270,125,97,63,19
06/24/17 09:27,188,128,94,899,140,4
06/24/17 09:27,23,120,161,575,109,23
06/24/17 09:27,153,177,112,249,78,16
06/24/17 09:27,88,60,74,220,138,25
06/24/17 09:27,11,79,150,657,62,6
06/24/17 09:27,192,205,61,588,124,25
06/24/17 09:27,88,89,86,394,137,9
06/24/17 09:27,125,7,185,862,98,17
06/24/17 09:27,138,61,182,271,2,9
06/24/17 09:27,35,160,219,315,10,23
06/24/17 09:27,124,178,147,994,99,12
06/24/17 09:27,14,58,15,963,104,30
06/24/17 09:27,163,200,12,170,88,3
06/24/17 09:27,66,119,92,293,58,13
06/24/17 09:27,105,1,197,713,4,1
06/24/17 09:27,196,3,16,955,38,24
06/24/17 09:27,182,171,27,190,32,13
06/24/17 09:27,150,127,204,20,99,1
06/24/17 09:27,142,191,30,452,148,2
06/24/17 09:27,130,162,28,563,107,23
06/24/17 09:27,70,199,74,182,43,2
06/24/17 09:27,162,51,105,13,149,23
06/24/17 09:27,33,60,45,796,124,23
06/24/17 09:27,15,270,73,643,36,3
06/24/17 09:27,144,22,189,634,84,20
06/24/17 09:27,125,3,147,937,26,7
06/24/17 09:27,61,295,39,550,126,11
06/24/17 09:27,185,96,145,819,66,1
06/24/17 09:27,141,95,85,648,80,4
06/24/17 09:27,97,148,114,881,120,25
06/24/17 09:27,32,73,59,995,98,12
06/24/17 09:27,119,292,104,767,90,25
06/24/17 09:27,139,106,207,386,70,8
06/24/17 09:27,188,48,128,228,115,29
06/24/17 09:27,21,292,30,932,19,19
06/24/17 09:27,34,24,227,422,18,26
06/24/17 09:27,9,264,62,986,76,17
06/24/17 09:27,144,134,33,194,30,10
06/24/17 09:27,120,239,158,919,98,19
06/24/17 09:27,27,180,229,742,130,11
06/24/17 09:27,5,106,114,764,7,5
06/24/17 09:27,148,156,124,836,46,19
06/24/17 09:27,155,195,119,883,59,29
06/24/17 09:27,125,111,78,785,21,22
06/24/17 09:27,195,32,119,77,78,21
06/24/17 09:27,166,237,124,928,36,10
06/24/17 09:27,96,128,6,660,18,22
06/24/17 09:27,64,71,67,523,126,29
06/24/17 09:27,189,99,191,230,70,19
06/24/17 09:27,77,204,151,125,40,20
06/24/17 09:27,167,137,240,410,10,5
06/24/17 09:27,166,13,107,750,119,9
06/24/17 09:27,161,259,223,564,28,11
06/24/17 09:27,0,145,36,902,73,1
06/24/17 09:27,89,132,119,57,82,11
06/24/17 09:27,160,290,60,122,116,21
06/24/17 09:27,180,74,135,131,148,27
06/24/17 09:27,99,214,160,461,97,26
06/24/17 09:27,63,170,139,638,53,14
06/24/17 09:27,170,211,103,521,149,18
06/24/17 09:27,52,110,94,203,26,19
06/24/17 09:27,152,110,68,803,41,18
06/24/17 09:27,128,17,236,594,110,23
06/24/17 09:27,47,56,141,883,92,20
06/24/17 09:27,68,206,67,529,11,2
06/24/17 09:27,168,158,16,807,27,5
06/24/17 09:27,32,259,19,398,137,18
06/24/17 09:27,17,46,196,497,55,19
06/24/17 09:27,115,231,103,544,54,9
06/24/17 09:27,110,233,209,9,22,21
06/24/17 09:27,155,112,187,856,125,15
06/24/17 09:27,157,141,96,49,11,1
06/24/17 09:27,128,114,192,393,134,11
06/24/17 09:27,164,161,61,962,39,19
06/24/17 09:27,155,169,81,509,58,17
06/24/17 09:27,32,279,21,932,125,1
06/24/17 09:27,32,205,194,610,6,27
06/24/17 09:27,19,119,50,781,40,1
06/24/17 09:27,88,216,21,121,24,13
06/24/17 09:27,135,10,223,298,124,29
06/24/17 09:27,142,26,185,149,130,30
06/24/17 09:27,196,279,237,470,27,2
06/24/17 09:27,126,84,44,373,143,18
06/24/17 09:27,52,99,210,203,42,21
06/24/17 09:27,13,56,89,892,95,18
06/24/17 09:27,109,292,89,179,128,12
06/24/17 09:27,67,200,64,590,74,17
06/24/17 09:27,73,216,132,944,37,15
06/24/17 09:27,166,25,219,516,107,19
06/24/17 09:27,72,175,194,132,8,26
06/24/17 09:27,174,266,141,182,82,28
06/24/17 09:27,12,255,225,981,34,8
06/24/17 09:27,74,117,207,644,45,17
06/24/17 09:27,62,167,104,70,1,30
06/24/17 09:27,145,131,96,114,18,21
06/24/17 09:27,129,299,47,471,51,26
06/24/17 09:27,24,78,176,565,45,29
06/24/17 09:27,44,108,213,25,75,10
06/24/17 09:27,165,152,27,551,112,15
06/24/17 09:27,181,63,72,645,78,23
06/24/17 09:27,92,291,4,828,64,23
06/24/17 09:27,154,211,234,126,119,29
06/24/17 09:27,30,130,5,68,106,28
06/24/17 09:27,49,50,116,365,22,5
06/24/17 09:27,141,235,121,563,3,13
06/24/17 09:27,119,190,124,741,62,12
06/24/17 09:27,104,49,235,191,47,11
06/24/17 09:27,161,89,41,688,128,11
06/24/17 09:27,156,93,127,485,114,19
06/24/17 09:27,76,37,106,940,134,28
06/24/17 09:27,119,142,77,795,100,17
06/24/17 09:27,70,110,131,778,22,16
06/24/17 09:27,86,38,53,642,19,22
06/24/17 09:27,6,185,160,487,14,24
06/24/17 09:27,123,25,187,407,150,28
06/24/17 09:27,109,219,81,839,140,29
06/24/17 09:27,15,174,42,815,68,14
06/24/17 09:27,185,249,14,660,68,11
06/24/17 09:27,56,74,237,414,73,26
06/24/17 09:27,69,151,9,613,26,22
06/24/17 09:27,169,61,207,37,57,23
06/24/17 09:27,117,159,37,793,31,7
06/24/17 09:27,133,79,141,542,43,22
06/24/17 09:27,156,206,90,930,37,5
06/24/17 09:27,95,63,10,272,0,22
06/24/17 09:27,167,76,194,61,65,7
06/24/17 09:27,103,242,10,402,121,15
06/24/17 09:27,117,293,244,484,129,8
06/24/17 09:27,171,22,157,784,58,3
06/24/17 09:27,9,256,210,911,62,17
06/24/17 09:27,185,84,183,292,94,13
06/24/17 09:27,148,280,142,974,73,6
06/24/17 09:27,170,21,222,727,47,1
06/24/17 09:27,129,46,33,418,63,13
06/24/17 09:27,103,123,30,615,9,21
06/24/17 09:27,160,276,13,763,5,27
06/24/17 09:27,143,88,88,886,61,2
06/24/17 09:27,77,230,217,610,110,23
06/24/17 09:27,162,271,24,771,7,27
06/24/17 09:27,47,2,54,915,130,21
06/24/17 09:27,81,96,157,869,148,10
06/24/17 09:27,172,19,134,975,48,8
06/24/17 09:27,72,193,186,561,66,2
06/24/17 09:27,90,130,12,441,122,7
06/24/17 09:27,38,99,242,485,125,16
06/24/17 09:27,135,2,62,513,24,3
06/24/17 09:27,119,289,40,288,14,24
06/24/17 09:27,59,292,185,659,120,16
06/24/17 09:27,177,237,195,408,147,25
06/24/17 09:27,138,45,9,826,42,24
06/24/17 09:27,103,103,69,244,132,26
06/24/17 09:27,193,112,247,715,56,7
06/24/17 09:27,86,67,166,562,10,5
06/24/17 09:27,183,70,180,146,20,22
06/24/17 09:27,34,227,116,929,142,17
06/24/17 09:27,139,282,197,865,15,10
06/24/17 09:27,169,106,134,569,91,20
06/24/17 09:27,5,29,232,962,63,15
06/24/17 09:27,88,129,151,139,113,3
06/24/17 09:27,18,149,129,914,92,24
06/24/17 09:27,82,3,37,172,128,2
06/24/17 09:27,66,39,28,538,28,3
06/24/17 09:27,32,284,128,791,139,15
06/24/17 09:27,180,155,131,762,8,10
06/24/17 09:27,178,155,158,673,91,23
06/24/17 09:27,135,98,64,919,127,25
06/24/17 09:27,102,289,78,353,150,1
06/24/17 09:27,44,174,47,467,65,20
06/24/17 09:27,60,267,57,517,10,1
06/24/17 09:27,42,86,206,580,110,20
06/24/17 09:27,118,295,229,375,141,26
06/24/17 09:27,77,281,18,42,73,17
06/24/17 09:27,0,219,157,240,14,18
06/24/17 09:27,35,93,165,497,52,25
06/24/17 09:27,172,54,29,599,65,1
06/24/17 09:27,132,56,204,160,121,10
06/24/17 09:27,81,207,178,523,13,5
06/24/17 09:27,12,108,202,902,79,10
06/24/17 09:27,111,32,85,88,41,2
06/24/17 09:27,17,280,166,329,105,20
06/24/17 09:27,145,291,10,804,20,25
06/24/17 09:27,1,21,46,12,131,19
06/24/17 09:27,117,37,245,878,146,16
06/24/17 09:27,158,110,162,644,11,17
06/24/17 09:27,50,262,165,422,91,27
06/24/17 09:27,102,64,100,179,117,14
06/24/17 09:27,131,125,58,950,106,28
06/24/17 09:27,199,130,65,980,50,20
06/24/17 09:27,35,183,59,243,80,8
06/24/17 09:27,32,74,22,95,0,23
06/24/17 09:27,66,129,174,831,144,1
06/24/17 09:27,175,246,2,369,38,18
06/24/17 09:27,89,129,41,517,131,11
06/24/17 09:27,188,89,131,330,28,12
06/24/17 09:27,148,23,82,535,72,6
06/24/17 09:27,67,137,242,53,7,2
06/24/17 09:27,24,247,19,584,64,25
06/24/17 09:27,14,227,81,807,89,5
06/24/17 09:27,145,172,100,92,46,16
06/24/17 09:27,87,113,39,588,134,6
06/24/17 09:27,33,92,174,355,145,22
06/24/17 09:27,116,39,216,434,15,22
06/24/17 09:27,28,253,61,554,139,18
06/24/17 09:27,102,35,171,672,80,13
06/24/17 09:27,154,189,224,843,39,17
06/24/17 09:27,13,234,108,826,99,15
06/24/17 09:27,8,17,87,380,137,17
06/24/17 09:27,43,153,26,603,31,4
06/24/17 09:27,82,262,113,842,86,15
06/24/17 09:27,156,173,38,550,17,24
06/24/17 09:27,69,56,114,335,145,27
06/24/17 09:27,58,296,204,451,137,29
06/24/17 09:27,37,58,183,543,92,8
06/24/17 09:27,141,179,86,287,98,13
06/24/17 09:27,66,36,116,892,74,8
06/24/17 09:27,180,184,101,536,8,21
06/24/17 09:27,96,10,95,222,21,28
06/24/17 09:27,62,60,145,590,18,1
06/24/17 09:27,137,201,180,96,90,6
06/24/17 09:27,50,11,84,672,134,2
06/24/17 09:27,135,83,171,244,56,18
06/24/17 09:27,4,196,34,763,16,26
06/24/17 09:27,85,12,197,902,85,20
06/24/17 09:27,82,242,227,722,98,14
06/24/17 09:27,56,33,159,390,75,13
06/24/17 09:27,195,188,249,846,138,16
06/24/17 09:27,195,11,156,703,110,3
06/24/17 09:27,188,165,145,913,72,2
06/24/17 09:27,123,83,94,157,6,16
06/24/17 09:27,58,200,196,313,49,20
06/24/17 09:27,33,70,148,979,88,7
06/24/17 09:27,37,91,0,218,97,9
06/24/17 09:27,153,166,213,866,53,19
06/24/17 09:27,186,153,95,905,146,17
06/24/17 09:27,9,150,116,206,26,16
06/24/17 09:27,28,50,218,234,35,2
06/24/17 09:27,26,40,71,942,14,28
06/24/17 09:27,130,198,14,914,60,7
06/24/17 09:27,30,257,29,392,149,2
06/24/17 09:27,78,115,140,851,26,12
06/24/17 09:27,176,240,28,160,20,17
06/24/17 09:27,57,26,228,368,4,21
06/24/17 09:27,177,176,10,812,46,24
06/24/17 09:27,25,12,231,141,85,7
06/24/17 09:27,190,121,67,155,45,9
06/24/17 09:27,165,144,217,22,141,29
06/24/17 09:27,123,113,233,524,36,11
06/24/17 09:27,198,145,197,727,46,2
06/24/17 09:27,166,40,180,437,100,21
06/24/17 09:27,125,286,233,303,79,29
06/24/17 09:27,40,50,54,145,126,15
06/24/17 09:27,52,243,118,513,98,28
06/24/17 09:27,102,132,10,914,19,20
06/24/17 09:27,0,118,112,550,66,2
06/24/17 09:27,67,206,83,117,146,17
06/24/17 09:27,184,279,247,474,14,14
06/24/17 09:27,195,123,161,835,127,15
06/24/17 09:27,163,200,111,4,69,19
06/24/17 09:27,41,166,55,690,65,22
06/24/17 09:27,60,6,147,867,109,29
06/24/17 09:27,36,50,87,451,88,9
06/24/17 09:27,38,24,33,426,58,6
06/24/17 09:27,13,37,126,569,15,26
06/24/17 09:27,1,47,239,848,18,24
06/24/17 09:27,114,1,3,945,81,4
06/24/17 09:27,139,261,175,66,115,6
06/24/17 09:27,185,136,116,250,72,3
06/24/17 09:27,92,274,137,940,124,10
06/24/17 09:27,97,102,223,263,85,29
06/24/17 09:27,173,37,81,685,89,3
06/24/17 09:27,112,299,44,462,23,12
06/24/17 09:27,4,29,205,114,78,12
06/24/17 09:27,68,254,35,668,53,11
06/24/17 09:27,200,111,73,741,33,10
06/24/17 09:27,94,260,152,53,141,13
06/24/17 09:27,133,130,8,474,24,12
06/24/17 09:27,133,34,178,556,87,19
06/24/17 09:27,187,137,164,10,100,28
06/24/17 09:27,17,172,83,491,109,25
06/24/17 09:27,144,233,99,782,27,14
06/24/17 09:27,199,199,227,999,40,25
06/24/17 09:27,155,143,106,526,104,15
06/24/17 09:27,156,173,22,134,32,10
06/24/17 09:27,134,159,239,366,5,17
06/24/17 09:27,119,275,206,411,68,24
06/24/17 09:27,68,159,233,75,107,17
06/24/17 09:27,137,117,5,430,128,8
06/24/17 09:27,74,198,228,988,112,26
06/24/17 09:27,170,114,212,134,113,5
06/24/17 09:27,188,196,126,783,14,26
06/24/17 09:27,53,280,191,77,12,30
06/24/17 09:27,3,152,31,0,11,29
06/24/17 09:27,22,149,179,425,57,11
06/24/17 09:27,140,282,89,440,78,13
06/24/17 09:27,73,113,109,792,132,26
06/24/17 09:27,165,293,69,431,51,25
06/24/17 09:27,123,26,114,743,78,27
06/24/17 09:27,176,81,11,459,106,7
06/24/17 09:27,163,117,78,791,103,22
06/24/17 09:27,11,70,229,524,67,21
06/24/17 09:27,133,148,141,750,26,9
06/24/17 09:27,25,125,193,178,55,22
06/24/17 09:27,45,283,15,183,101,9
06/24/17 09:27,127,97,221,179,15,12
06/24/17 09:27,103,150,224,410,150,16
06/24/17 09:27,27,183,36,951,145,22
06/24/17 09:27,111,56,160,8,133,23
06/24/17 09:27,142,215,40,865,119,4
06/24/17 09:27,93,145,60,162,55,2
06/24/17 09:27,91,262,194,945,37,21
06/24/17 09:27,133,134,132,856,136,26
06/24/17 09:27,11,68,15,163,30,15
06/24/17 09:27,179,126,188,720,102,20
06/24/17 09:27,43,98,34,689,112,29
06/24/17 09:27,118,3,43,452,135,28
06/24/17 09:27,185,174,132,716,115,13
06/24/17 09:27,113,107,242,939,72,29
06/24/17 09:27,178,234,226,511,117,3
06/24/17 09:27,23,230,123,483,4,28
06/24/17 09:27,91,231,103,500,28,30
06/24/17 09:27,105,224,28,282,60,3
06/24/17 09:27,174,107,85,63,100,22
06/24/17 09:27,1,137,218,581,118,13
06/24/17 09:27,21,11,94,324,143,12
06/24/17 09:27,14,109,25,348,143,8
06/24/17 09:27,89,215,238,360,100,11
06/24/17 09:27,48,277,133,440,106,13
06/24/17 09:27,111,197,218,98,54,6
06/24/17 09:27,159,178,139,748,7,6
06/24/17 09:27,178,47,63,605,84,24
06/24/17 09:27,132,39,172,479,56,22
06/24/17 09:27,68,19,243,673,59,23
06/24/17 09:27,55,47,78,616,133,17
