06/24/17 09:27,193,300,236,834,94,9
06/24/17 09:27,58,62,16,185,126,2
06/24/17 09:27,65,62,238,381,140,20
06/24/17 09:27,139,268,126,409,43,1
06/24/17 09:27,142,16,82,985,130,14
06/24/17 09:27,169,150,107,215,68,15
06/24/17 09:27,171,144,230,461,91,11
06/24/17 09:27,24,64,99,505,24,8
06/24/17 09:27,85,116,153,533,7,16
06/24/17 09:27,118,221,38,246,8,19
06/24/17 09:27,30,184,216,646,113,14
06/24/17 09:27,136,185,164,852,118,17
06/24/17 09:27,183,231,9,288,3,16
06/24/17 09:27,189,11,213,693,79,23
06/24/17 09:27,135,30,17,409,97,9
06/24/17 09:27,102,220,142,931,85,21
06/24/17 09:27,60,104,168,630,138,25
06/24/17 09:27,129,275,186,116,4,7
06/24/17 09:27,95,69,229,861,82,19
06/24/17 09:27,50,37,108,992,74,1
06/24/17 09:27,194,192,110,324,80,27
06/24/17 09:27,94,59,159,530,22,20
06/24/17 09:27,14,97,102,893,99,7
06/24/17 09:27,104,3,75,263,147,14
06/24/17 09:27,100,214,237,813,66,12
06/24/17 09:27,79,168,177,596,95,15
06/24/17 09:27,34,88,101,53,82,1
06/24/17 09:27,186,183,181,251,145,30
06/24/17 09:27,46,283,42,922,37,3
06/24/17 09:27,147,105,136,948,141,2
06/24/17 09:27,198,48,126,883,35,25
06/24/17 09:27,184,188,21,175,108,1
06/24/17 09:27,67,148,34,842,26,23
06/24/17 09:27,63,118,10,259,11,28
06/24/17 09:27,52,66,134,27,66,19
06/24/17 09:27,147,280,233,379,96,27
06/24/17 09:27,110,35,127,667,87,23
06/24/17 09:27,141,162,165,82,27,30
06/24/17 09:27,23,295,131,988,5,20
06/24/17 09:27,47,166,32,84,7,16
06/24/17 09:27,115,40,192,517,92,13
06/24/17 09:27,72,42,166,928,65,29
06/24/17 09:27,190,27,195,583,41,18
06/24/17 09:27,17,132,162,847,6,14
06/24/17 09:27,67,258,190,610,55,28
06/24/17 09:27,132,293,220,398,98,4
06/24/17 09:27,127,82,140,184,8,23
06/24/17 09:27,145,94,248,467,133,7
06/24/17 09:27,185,156,43,15,128,1
06/24/17 09:27,17,280,214,486,14,28
06/24/17 09:27,35,119,59,711,49,8
06/24/17 09:27,8,39,65,170,108,4
06/24/17 09:27,134,215,17,381,101,23
06/24/17 09:27,49,172,234,676,12,2
06/24/17 09:27,70,247,199,612,98,8
06/24/17 09:27,175,149,149,541,147,12
06/24/17 09:27,108,6,103,535,29,5
06/24/17 09:27,144,129,246,632,64,16
06/24/17 09:27,134,167,147,110,146,23
06/24/17 09:27,124,7,126,949,145,7
06/24/17 09:27,174,286,3,863,95,5
06/24/17 09:27,80,203,139,740,88,21
06/24/17 09:27,24,19,127,518,71,4
06/24/17 09:27,191,297,92,395,132,27
06/24/17 09:27,199,181,56,637,37,29
06/24/17 09:27,187,285,138,764,104,24
06/24/17 09:27,134,117,150,589,127,10
06/24/17 09:27,72,219,12,707,121,14
06/24/17 09:27,99,128,210,388,55,23
06/24/17 09:27,171,243,243,619,27,28
06/24/17 09:27,106,153,7,773,16,3
06/24/17 09:27,22,267,49,755,88,18
06/24/17 09:27,132,107,29,606,137,13
06/24/17 09:27,10,225,203,130,125,13
06/24/17 09:27,121,17,176,233,127,13
06/24/17 09:27,120,90,140,159,128,7
06/24/17 09:27,89,169,112,65,96,11
06/24/17 09:27,39,267,226,580,32,4
06/24/17 09:27,116,178,127,935,70,30
06/24/17 09:27,47,296,147,153,98,3
06/24/17 09:27,9,283,12,496,149,10
06/24/17 09:27,182,79,182,421,26,11
06/24/17 09:27,113,129,218,127,23,6
06/24/17 09:27,110,233,139,1000,56,26
06/24/17 09:27,161,299,107,939,116,30
06/24/17 09:27,27,64,65,343,32,6
06/24/17 09:27,18,119,57,368,30,26
06/24/17 09:27,101,247,3,626,60,2
06/24/17 09:27,153,155,78,955,144,13
06/24/17 09:27,196,203,240,632,74,3
06/24/17 09:27,56,171,152,665,91,20
06/24/17 09:27,34,287,162,666,138,3
06/24/17 09:27,114,247,2,693,26,5
06/24/17 09:27,79,235,4,648,3,12
06/24/17 09:27,199,214,131,230,89,21
06/24/17 09:27,189,246,249,732,33,30
06/24/17 09:27,63,287,172,867,8,24
06/24/17 09:27,126,271,7,646,115,26
06/24/17 09:27,152,120,79,335,105,30
06/24/17 09:27,45,108,154,646,50,22
06/24/17 09:27,146,56,156,853,63,27
06/24/17 09:27,182,118,132,468,44,4
06/24/17 09:27,103,63,186,395,64,23
06/24/17 09:27,129,54,50,285,135,1
06/24/17 09:27,125,219,196,60,32,8
06/24/17 09:27,104,75,31,657,33,2
06/24/17 09:27,173,103,50,147,83,29
06/24/17 09:27,36,23,232,706,112,18
06/24/17 09:27,138,190,222,131,139,19
06/24/17 09:27,48,70,8,31,18,12
06/24/17 09:27,38,62,143,388,101,4
06/24/17 09:27,141,228,6,80,63,7
06/24/17 09:27,159,210,239,351,25,16
06/24/17 09:27,47,230,108,979,17,16
06/24/17 09:27,55,256,108,287,33,30
06/24/17 09:27,115,222,91,302,146,23
06/24/17 09:27,38,45,207,46,104,6
06/24/17 09:27,126,74,120,59,18,3
06/24/17 09:27,148,78,100,373,128,21
06/24/17 09:27,66,282,37,135,21,2
06/24/17 09:27,163,156,138,578,67,1
06/24/17 09:27,191,286,59,172,50,23
06/24/17 09:27,92,18,18,915,30,17
06/24/17 09:27,81,29,140,852,14,12
06/24/17 09:27,108,208,13,490,95,4
06/24/17 09:27,128,149,144,286,5,23
06/24/17 09:27,72,62,20,985,29,13
06/24/17 09:27,47,50,138,236,64,29
06/24/17 09:27,46,117,232,880,65,6
06/24/17 09:27,88,56,163,836,90,18
06/24/17 09:27,40,256,97,121,114,30
06/24/17 09:27,92,161,118,323,11,8
06/24/17 09:27,178,134,169,96,5,23
06/24/17 09:27,163,171,55,866,92,3
06/24/17 09:27,50,259,199,455,28,20
06/24/17 09:27,153,221,100,734,67,29
06/24/17 09:27,117,287,55,464,3,20
06/24/17 09:27,157,298,72,630,33,29
06/24/17 09:27,198,217,56,16,107,23
06/24/17 09:27,77,137,128,517,144,15
06/24/17 09:27,80,10,122,850,90,29
06/24/17 09:27,6,277,161,942,65,23
06/24/17 09:27,119,268,170,314,113,11
06/24/17 09:27,90,222,216,188,62,8
06/24/17 09:27,76,140,246,971,69,4
06/24/17 09:27,138,20,48,877,57,20
06/24/17 09:27,80,130,146,160,125,21
06/24/17 09:27,22,203,112,894,69,28
06/24/17 09:27,150,25,232,273,124,22
06/24/17 09:27,0,215,186,369,122,5
06/24/17 09:27,31,245,51,452,134,23
06/24/17 09:27,78,146,185,916,130,20
06/24/17 09:27,69,278,38,924,61,13
06/24/17 09:27,99,39,58,407,125,5
06/24/17 09:27,116,200,13,672,149,28
06/24/17 09:27,55,20,250,846,101,10
06/24/17 09:27,50,130,231,540,112,12
06/24/17 09:27,95,54,173,701,92,11
06/24/17 09:27,32,200,145,205,82,1
06/24/17 09:27,93,113,129,13,106,23
06/24/17 09:27,11,207,232,69,81,27
06/24/17 09:27,141,106,55,413,112,25
06/24/17 09:27,58,247,42,185,143,22
06/24/17 09:27,86,110,210,625,117,14
06/24/17 09:27,77,46,159,168,103,4
06/24/17 09:27,103,270,84,776,52,26
06/24/17 09:27,79,37,8,353,51,28
06/24/17 09:27,133,187,65,327,133,19
06/24/17 09:27,168,61,152,405,92,9
06/24/17 09:27,176,255,18,89,127,24
06/24/17 09:27,141,187,136,977,42,15
06/24/17 09:27,108,27,0,426,68,11
06/24/17 09:27,170,221,117,345,56,9
06/24/17 09:27,83,138,56,87,1,15
06/24/17 09:27,136,15,147,375,16,28
06/24/17 09:27,191,39,9,744,79,14
06/24/17 09:27,137,55,53,291,150,8
06/24/17 09:27,152,265,246,358,89,30
06/24/17 09:27,0,188,59,441,19,21
06/24/17 09:27,174,247,117,820,103,15
06/24/17 09:27,157,130,201,868,115,8
06/24/17 09:27,179,247,114,408,64,16
06/24/17 09:27,30,300,162,920,76,22
06/24/17 09:27,118,8,236,860,19,14
06/24/17 09:27,23,24,94,939,35,18
06/24/17 09:27,143,244,239,464,88,23
06/24/17 09:27,116,161,112,110,31,28
06/24/17 09:27,88,61,203,964,4,19
06/24/17 09:27,56,252,175,176,113,5
06/24/17 09:27,91,151,191,632,11,23
06/24/17 09:27,14,251,155,366,141,29
06/24/17 09:27,156,21,151,556,82,4
06/24/17 09:27,191,64,48,152,76,18
06/24/17 09:27,66,257,39,995,41,17
06/24/17 09:27,53,252,4,803,43,8
06/24/17 09:27,99,79,194,449,110,23
06/24/17 09:27,23,252,193,392,11,11
06/24/17 09:27,160,74,35,539,52,6
06/24/17 09:27,26,61,117,262,21,3
06/24/17 09:27,73,42,145,26,112,24
06/24/17 09:27,50,137,75,454,149,28
06/24/17 09:27,133,137,63,648,131,14
06/24/17 09:27,31,12,51,897,129,23
06/24/17 09:27,138,267,110,785,16,12
06/24/17 09:27,88,115,242,369,87,18
06/24/17 09:27,89,288,55,300,32,1
06/24/17 09:27,125,38,54,792,143,14
06/24/17 09:27,36,198,43,517,105,8
06/24/17 09:27,46,129,137,298,107,26
06/24/17 09:27,89,104,206,821,94,30
06/24/17 09:27,8,144,163,400,70,8
06/24/17 09:27,33,268,121,29,106,9
06/24/17 09:27,154,260,236,977,82,13
06/24/17 09:27,89,15,241,337,7,29
06/24/17 09:27,124,40,68,29,40,7
06/24/17 09:27,114,256,117,848,141,8
06/24/17 09:27,184,285,10,915,27,25
06/24/17 09:27,185,70,130,664,120,4
06/24/17 09:27,79,249,5,466,59,16
06/24/17 09:27,152,8,180,644,69,25
06/24/17 09:27,191,97,235,661,74,1
06/24/17 09:27,87,236,204,498,150,6
06/24/17 09:27,55,88,224,364,120,12
06/24/17 09:27,87,39,189,71,78,4
06/24/17 09:27,94,173,34,516,71,27
06/24/17 09:27,179,276,116,835,69,7
06/24/17 09:27,93,216,171,419,17,11
06/24/17 09:27,174,173,144,365,98,26
06/24/17 09:27,116,5,204,194,134,5
06/24/17 09:27,28,158,181,442,116,12
06/24/17 09:27,26,300,150,644,103,16
06/24/17 09:27,93,257,82,588,146,11
06/24/17 09:27,185,116,174,292,4,23
06/24/17 09:27,195,283,215,796,142,23
06/24/17 09:27,9,281,79,374,107,23
06/24/17 09:27,111,38,51,984,145,5
06/24/17 09:27,86,185,219,351,48,29
06/24/17 09:27,105,47,77,314,34,13
06/24/17 09:27,90,104,153,448,136,5
06/24/17 09:27,46,223,130,541,102,2
06/24/17 09:27,122,218,38,266,10,2
06/24/17 09:27,147,235,70,995,68,6
06/24/17 09:27,158,205,124,896,150,5
06/24/17 09:27,46,227,26,607,40,30
06/24/17 09:27,182,110,12,853,50,23
06/24/17 09:27,100,136,50,390,47,2
06/24/17 09:27,67,249,26,493,14,25
06/24/17 09:27,126,232,63,471,120,30
06/24/17 09:27,27,227,68,531,97,15
06/24/17 09:27,93,168,232,280,149,15
06/24/17 09:27,87,107,113,859,22,28
06/24/17 09:27,160,135,47,93,57,3
06/24/17 09:27,14,95,146,221,17,16
06/24/17 09:27,20,270,38,365,72,5
06/24/17 09:27,195,174,75,536,29,26
06/24/17 09:27,190,287,156,152,29,13
06/24/17 09:27,88,10,144,203,137,1
06/24/17 09:27,194,114,156,181,143,30
06/24/17 09:27,3,245,233,131,26,20
06/24/17 09:27,34,182,21,367,68,15
06/24/17 09:27,173,29,159,833,142,1
06/24/17 09:27,97,180,108,137,31,28
06/24/17 09:27,2,192,72,665,3,10
06/24/17 09:27,8,81,75,743,64,21
06/24/17 09:27,119,11,132,83,43,15
06/24/17 09:27,143,158,168,128,121,24
06/24/17 09:27,70,61,12,610,137,26
06/24/17 09:27,184,34,228,705,114,9
06/24/17 09:27,121,110,85,503,111,3
06/24/17 09:27,138,108,180,979,55,20
06/24/17 09:27,17,65,31,332,125,29
06/24/17 09:27,190,106,191,346,19,22
06/24/17 09:27,79,142,119,601,98,5
06/24/17 09:27,174,168,224,467,124,23
06/24/17 09:27,98,274,134,303,98,11
06/24/17 09:27,79,263,181,264,40,6
06/24/17 09:27,131,46,83,185,105,15
06/24/17 09:27,144,79,158,295,89,20
06/24/17 09:27,194,140,145,370,140,22
06/24/17 09:27,197,95,87,847,57,28
06/24/17 09:27,112,54,216,393,75,7
06/24/17 09:27,177,232,54,365,55,27
06/24/17 09:27,58,80,30,472,68,30
06/24/17 09:27,75,149,89,683,73,19
06/24/17 09:27,121,158,19,683,106,15
06/24/17 09:27,45,34,7,441,38,10
06/24/17 09:27,138,13,163,461,132,7
06/24/17 09:27,132,178,81,142,133,10
06/24/17 09:27,140,292,250,776,139,29
06/24/17 09:27,36,184,179,851,123,10
06/24/17 09:27,21,182,96,105,13,18
06/24/17 09:27,98,148,115,973,110,14
06/24/17 09:27,77,183,179,857,56,20
06/24/17 09:27,63,154,133,85,65,3
06/24/17 09:27,196,65,122,789,42,14
06/24/17 09:27,159,14,10,120,43,4
06/24/17 09:27,80,289,67,926,90,23
06/24/17 09:27,56,20,112,320,7,2
06/24/17 09:27,26,61,37,613,87,7
06/24/17 09:27,166,10,10,976,116,7
06/24/17 09:27,125,55,184,232,24,17
06/24/17 09:27,28,290,85,774,47,6
06/24/17 09:27,5,126,54,686,61,5
06/24/17 09:27,21,26,19,821,103,2
06/24/17 09:27,34,95,10,832,113,1
06/24/17 09:27,195,155,239,369,127,24
06/24/17 09:27,120,57,229,457,23,16
06/24/17 09:27,22,46,160,830,49,13
06/24/17 09:27,41,13,201,434,29,24
06/24/17 09:27,123,63,215,316,18,6
06/24/17 09:27,171,65,247,108,135,3
06/24/17 09:27,7,126,238,46,67,14
06/24/17 09:27,132,45,18,74,44,15
06/24/17 09:27,47,13,173,707,22,18
06/24/17 09:27,90,180,189,899,87,1
06/24/17 09:27,18,123,30,655,133,21
06/24/17 09:27,28,187,61,992,50,14
06/24/17 09:27,56,216,130,53,1,1
06/24/17 09:27,16,146,132,542,53,29
06/24/17 09:27,114,251,29,702,79,1
06/24/17 09:27,170,94,31,938,123,13
06/24/17 09:27,0,65,174,883,28,17
06/24/17 09:27,125,184,172,925,83,10
06/24/17 09:27,74,151,78,671,130,20
06/24/17 09:27,82,132,147,689,98,9
06/24/17 09:27,145,296,32,383,13,13
06/24/17 09:27,160,170,175,781,94,13
06/24/17 09:27,106,201,101,157,89,12
06/24/17 09:27,164,146,113,26,46,25
06/24/17 09:27,188,85,147,482,66,11
06/24/17 09:27,63,81,96,243,16,7
06/24/17 09:27,189,51,142,762,17,9
06/24/17 09:27,70,213,221,976,56,24
06/24/17 09:27,41,275,181,1000,5,14
06/24/17 09:27,179,268,80,530,72,2
06/24/17 09:27,156,53,79,186,100,9
06/24/17 09:27,36,275,211,559,55,26
06/24/17 09:27,161,159,104,845,20,24
06/24/17 09:27,112,195,102,454,3,7
06/24/17 09:27,146,289,61,894,137,27
06/24/17 09:27,16,26,7,112,110,16
06/24/17 09:27,49,258,80,534,38,28
06/24/17 09:27,88,288,210,609,132,9
06/24/17 09:27,73,289,49,656,149,19
06/24/17 09:27,131,59,203,730,141,8
06/24/17 09:27,107,131,225,609,113,30
06/24/17 09:27,186,226,18,562,62,22
06/24/17 09:27,75,39,74,167,21,11
06/24/17 09:27,180,173,171,938,11,29
06/24/17 09:27,20,143,245,126,45,21
06/24/17 09:27,200,268,75,477,129,13
06/24/17 09:27,17,187,68,232,95,8
06/24/17 09:27,6,166,95,346,59,26
06/24/17 09:27,140,179,73,647,0,21
06/24/17 09:27,69,2,168,239,118,6
06/24/17 09:27,104,255,197,279,129,21
06/24/17 09:27,65,45,25,7,82,10
06/24/17 09:27,200,171,33,392,3,4
06/24/17 09:27,126,189,214,877,24,18
06/24/17 09:27,109,199,109,538,141,15
06/24/17 09:27,131,46,13,593,48,29
06/24/17 09:27,101,140,43,581,104,16
06/24/17 09:27,172,147,5,527,70,19
06/24/17 09:27,100,175,33,203,110,10
06/24/17 09:27,76,112,12,893,9,29
06/24/17 09:27,51,177,211,394,106,30
06/24/17 09:27,93,124,187,80,77,18
06/24/17 09:27,121,265,57,924,104,18
06/24/17 09:27,82,62,70,629,128,25
06/24/17 09:27,17,254,3,642,113,13
06/24/17 09:27,174,39,96,622,128,15
06/24/17 09:27,152,32,160,887,16,30
06/24/17 09:27,144,171,174,230,5,11
06/24/17 09:27,191,148,165,298,45,8
06/24/17 09:27,105,236,182,944,69,6
06/24/17 09:27,4,98,138,955,138,10
06/24/17 09:27,68,128,211,659,29,28
06/24/17 09:27,42,130,217,459,78,28
06/24/17 09:27,71,43,74,898,63,5
06/24/17 09:27,195,7,145,154,143,16
06/24/17 09:27,23,271,206,460,112,4
06/24/17 09:27,134,229,249,984,138,22
06/24/17 09:27,190,156,221,887,70,20
06/24/17 09:27,171,132,39,100,132,10
06/24/17 09:27,146,180,233,277,100,15
06/24/17 09:27,198,89,191,711,32,27
06/24/17 09:27,181,135,179,5,64,25
06/24/17 09:27,158,33,175,216,109,11
06/24/17 09:27,171,154,11,193,34,16
06/24/17 09:27,68,265,249,357,87,13
06/24/17 09:27,62,155,81,604,146,25
06/24/17 09:27,8,147,85,863,91,19
06/24/17 09:27,8,167,195,721,97,26
06/24/17 09:27,1,284,184,354,102,28
06/24/17 09:27,174,273,110,566,122,2
06/24/17 09:27,173,192,65,18,146,18
06/24/17 09:27,62,130,51,142,108,17
06/24/17 09:27,192,212,5,105,20,29
06/24/17 09:27,22,205,63,532,113,1
06/24/17 09:27,200,200,220,549,41,29
06/24/17 09:27,78,222,78,897,79,13
06/24/17 09:27,96,261,218,756,55,5
06/24/17 09:27,62,65,134,688,141,2
06/24/17 09:27,148,114,95,208,69,4
06/24/17 09:27,36,88,151,833,87,25
06/24/17 09:27,64,60,98,17,44,13
06/24/17 09:27,103,158,208,988,87,28
06/24/17 09:27,191,209,3,884,120,26
06/24/17 09:27,182,214,115,379,60,26
06/24/17 09:27,0,234,129,812,20,5
06/24/17 09:27,19,199,137,186,125,12
06/24/17 09:27,146,27,151,654,71,3
06/24/17 09:27,197,39,172,682,136,26
06/24/17 09:27,143,185,47,927,96,4
06/24/17 09:27,6,11,130,36,39,27
06/24/17 09:27,95,248,122,240,114,7
06/24/17 09:27,159,52,118,867,121,2
06/24/17 09:27,178,43,215,776,71,11
06/24/17 09:27,18,183,8,154,13,27
06/24/17 09:27,128,56,132,246,78,30
06/24/17 09:27,44,238,74,562,41,8
06/24/17 09:27,10,262,129,380,49,2
06/24/17 09:27,186,196,156,688,15,23
06/24/17 09:27,193,122,215,415,90,28
06/24/17 09:27,170,153,121,938,78,8
06/24/17 09:27,59,175,73,837,96,1
06/24/17 09:27,200,143,159,321,29,10
06/24/17 09:27,73,133,214,110,113,21
06/24/17 09:27,153,110,202,219,62,16
06/24/17 09:27,194,83,45,588,144,9
06/24/17 09:27,111,26,124,845,42,25
06/24/17 09:27,105,172,38,790,105,1
06/24/17 09:27,64,53,8,650,25,5
06/24/17 09:27,178,80,145,170,8,29
06/24/17 09:27,96,21,203,700,12,16
06/24/17 09:27,118,10,97,631,72,8
06/24/17 09:27,105,0,158,96,38,20
06/24/17 09:27,133,77,2,71,134,14
06/24/17 09:27,88,50,136,774,100,5
06/24/17 09:27,145,288,231,976,67,29
06/24/17 09:27,101,235,52,552,132,17
06/24/17 09:27,90,287,235,265,123,5
06/24/17 09:27,96,82,24,892,20,12
06/24/17 09:27,56,102,12,169,66,19
06/24/17 09:27,143,174,224,598,49,27
06/24/17 09:27,140,88,242,833,109,18
06/24/17 09:27,169,214,161,877,47,26
06/24/17 09:27,36,191,118,682,10,26
06/24/17 09:27,92,230,121,186,115,16
06/24/17 09:27,111,268,12,724,108,9
06/24/17 09:27,182,133,73,695,27,12
06/24/17 09:27,92,15,154,987,57,22
06/24/17 09:27,122,30,59,418,11,15
06/24/17 09:27,95,299,51,612,60,4
06/24/17 09:27,185,135,56,992,125,22
06/24/17 09:27,192,24,75,898,10,20
06/24/17 09:27,90,200,99,426,6,3
06/24/17 09:27,66,226,61,213,88,23
06/24/17 09:27,1,269,1,795,117,5
06/24/17 09:27,40,247,27,973,123,18
06/24/17 09:27,155,127,164,655,117,21
06/24/17 09:27,60,157,122,593,97,4
06/24/17 09:27,6,46,131,892,76,14
06/24/17 09:27,175,132,153,531,23,5
06/24/17 09:27,84,92,238,284,31,1
06/24/17 09:27,65,39,106,113,128,28
06/24/17 09:27,159,107,131,366,2,4
06/24/17 09:27,168,0,89,767,78,5
06/24/17 09:27,26,80,60,576,20,23
06/24/17 09:27,27,173,85,344,41,13
06/24/17 09:27,14,197,17,464,111,2
06/24/17 09:27,59,212,237,663,62,20
06/24/17 09:27,8,269,19,309,18,20
06/24/17 09:27,51,292,180,615,134,14
06/24/17 09:27,108,24,86,727,8,3
06/24/17 09:27,48,282,203,376,74,22
06/24/17 09:27,13,149,57,461,108,22
06/24/17 09:27,48,57,32,818,100,5
06/24/17 09:27,73,251,4,818,29,7
06/24/17 09:27,19,157,196,484,21,15
06/24/17 09:27,197,262,136,148,127,30
06/24/17 09:27,16,150,24,901,97,23
06/24/17 09:27,15,241,233,538,97,13
06/24/17 09:27,79,179,51,150,150,17
06/24/17 09:27,173,229,159,52,76,3
06/24/17 09:27,93,284,234,321,144,9
06/24/17 09:27,9,100,16,497,21,24
06/24/17 09:27,150,228,64,301,140,28
06/24/17 09:27,43,188,102,565,15,28
06/24/17 09:27,96,97,62,28,74,26
06/24/17 09:27,61,48,202,393,44,8
06/24/17 09:27,64,98,180,947,54,19
06/24/17 09:27,153,66,232,331,8,12
06/24/17 09:27,8,253,195,165,40,3
06/24/17 09:27,90,32,83,226,134,30
06/24/17 09:27,175,152,145,611,94,27
06/24/17 09:27,103,282,76,512,7,6
06/24/17 09:27,9,259,55,470,112,9
06/24/17 09:27,60,299,119,143,16,21
06/24/17 09:27,109,1,23,918,76,14
06/24/17 09:27,86,107,56,825,57,29
06/24/17 09:27,70,182,216,381,79,29
06/24/17 09:27,11,40,73,20,125,20
06/24/17 09:27,17,233,67,412,150,9
06/24/17 09:27,182,279,226,310,11,17
06/24/17 09:27,77,118,54,138,76,12
06/24/17 09:27,120,161,189,107,81,5
06/24/17 09:27,191,69,120,947,39,5
06/24/17 09:27,106,19,150,193,122,8
06/24/17 09:27,118,195,55,872,120,13
06/24/17 09:27,28,48,112,921,77,4
06/24/17 09:27,90,40,140,237,141,22
06/24/17 09:27,156,255,49,353,51,18
06/24/17 09:27,53,168,30,966,22,8
06/24/17 09:27,106,298,116,919,83,22
06/24/17 09:27,165,94,44,39,145,2
06/24/17 09:27,6,37,204,357,126,16
06/24/17 09:27,108,287,245,782,97,23
06/24/17 09:27,56,266,148,134,98,22
06/24/17 09:27,18,6,181,200,67,3
06/24/17 09:27,57,254,19,952,138,21
06/24/17 09:27,28,176,174,386,11,1
06/24/17 09:27,126,74,6,690,122,15
06/24/17 09:27,48,99,51,727,125,22
06/24/17 09:27,111,102,205,9,137,12
06/24/17 09:27,90,126,230,823,128,12
06/24/17 09:27,145,238,121,748,34,4
06/24/17 09:27,164,132,163,415,119,25
06/24/17 09:27,55,63,24,59,120,23
06/24/17 09:27,53,256,202,799,68,12
06/24/17 09:27,162,165,36,839,109,23
06/24/17 09:27,194,65,171,77,87,28
06/24/17 09:27,75,135,14,730,68,4
06/24/17 09:27,92,228,45,196,58,19
06/24/17 09:27,40,160,159,461,30,14
06/24/17 09:27,50,239,94,220,44,6
06/24/17 09:27,95,295,158,178,148,28
06/24/17 09:27,42,116,63,271,28,4
06/24/17 09:27,199,20,162,573,132,26
06/24/17 09:27,126,186,74,307,78,28
06/24/17 09:27,39,58,32,550,94,1
06/24/17 09:27,12,125,45,45,87,11
06/24/17 09:27,199,139,43,347,99,11
06/24/17 09:27,184,50,155,44,48,16
06/24/17 09:27,115,1,112,316,2,3
06/24/17 09:27,42,103,209,4,29,28
06/24/17 09:27,38,80,203,403,97,27
06/24/17 09:27,113,219,222,571,136,10
06/24/17 09:27,6,280,225,554,144,15
06/24/17 09:27,23,278,189,863,129,18
06/24/17 09:27,43,238,186,920,62,22
06/24/17 09:27,134,22,51,978,124,19
06/24/17 09:27,149,24,92,982,139,29
06/24/17 09:27,177,289,39,456,114,19
06/24/17 09:27,122,130,238,425,27,23
06/24/17 09:27,167,164,233,214,29,30
06/24/17 09:27,113,158,80,422,116,30
06/24/17 09:27,36,139,138,940,134,12
06/24/17 09:27,21,129,232,705,40,3
06/24/17 09:27,184,130,117,329,7,3
06/24/17 09:27,127,245,144,692,103,11
06/24/17 09:27,112,55,206,554,37,4
06/24/17 09:27,38,37,138,846,45,9
06/24/17 09:27,54,161,97,553,43,24
06/24/17 09:27,33,262,203,539,119,2
06/24/17 09:27,198,71,11,111,149,13
06/24/17 09:27,113,250,207,501,123,8
06/24/17 09:27,54,38,22,712,82,1
06/24/17 09:27,87,77,11,272,142,11
06/24/17 09:27,110,128,37,977,104,22
06/24/17 09:27,34,274,188,866,79,23
06/24/17 09:27,35,140,49,686,145,30
06/24/17 09:27,1,105,165,134,130,29
06/24/17 09:27,187,229,127,946,55,16
06/24/17 09:27,176,66,127,991,84,3
06/24/17 09:27,184,35,141,294,88,23
06/24/17 09:27,114,84,195,263,60,7
06/24/17 09:27,68,193,197,4,40,3
06/24/17 09:27,195,87,20,511,133,30
06/24/17 09:27,166,212,159,361,137,26
06/24/17 09:27,152,233,63,706,130,26
06/24/17 09:27,197,9,202,753,134,12
06/24/17 09:27,39,81,39,796,12,3
06/24/17 09:27,175,38,21,587,37,23
06/24/17 09:27,124,236,101,692,137,27
06/24/17 09:27,72,117,97,969,111,30
06/24/17 09:27,64,272,188,163,85,18
06/24/17 09:27,70,191,215,997,121,11
06/24/17 09:27,112,49,63,45,92,24
06/24/17 09:27,143,256,199,556,8,30
06/24/17 09:27,186,209,85,473,145,24
06/24/17 09:27,104,34,181,364,73,27
06/24/17 09:27,133,224,24,180,24,21
06/24/17 09:27,124,130,39,822,110,27
06/24/17 09:27,148,207,242,230,57,2
06/24/17 09:27,22,80,192,776,112,3
06/24/17 09:27,183,186,70,790,47,15
06/24/17 09:27,21,60,18,224,134,1
06/24/17 09:27,117,221,171,160,55,21
06/24/17 09:27,132,219,180,166,146,17
06/24/17 09:27,73,244,30,118,128,19
06/24/17 09:27,45,33,209,646,124,8
06/24/17 09:27,3,283,27,94,91,12
06/24/17 09:27,109,101,156,560,37,28
06/24/17 09:27,110,1,8,704,42,12
06/24/17 09:27,18,56,149,983,123,5
06/24/17 09:27,73,288,60,688,124,17
06/24/17 09:27,189,111,209,640,62,9
06/24/17 09:27,190,43,111,412,51,8
06/24/17 09:27,174,33,216,918,134,17
06/24/17 09:27,188,5,111,983,5,26
06/24/17 09:27,4,77,101,203,45,4
06/24/17 09:27,160,262,61,328,47,28
06/24/17 09:27,98,140,121,54,74,21
06/24/17 09:27,173,275,50,338,120,16
06/24/17 09:27,132,144,78,99,77,30
06/24/17 09:27,44,127,112,498,111,30
06/24/17 09:27,152,150,171,6,4,28
06/24/17 09:27,141,82,236,265,81,24
06/24/17 09:27,144,92,9,142,134,18
06/24/17 09:27,46,228,74,524,67,25
06/24/17 09:27,54,275,16,552,73,30
06/24/17 09:27,114,100,171,37,9,15
06/24/17 09:27,25,142,136,466,114,10
06/24/17 09:27,66,106,47,565,135,7
06/24/17 09:27,183,197,182,957,80,1
06/24/17 09:27,148,275,210,629,126,9
06/24/17 09:27,1,253,129,508,23,4
06/24/17 09:27,160,217,8,866,111,25
06/24/17 09:27,131,12,130,345,8,8
06/24/17 09:27,138,158,105,65,68,10
06/24/17 09:27,29,274,216,260,105,16
06/24/17 09:27,182,116,210,701,118,4
06/24/17 09:27,12,16,35,142,89,2
06/24/17 09:27,76,152,81,611,142,8
06/24/17 09:27,10,227,200,662,119,11
06/24/17 09:27,39,231,36,220,127,11
06/24/17 09:27,9,232,163,108,136,23
06/24/17 09:27,64,44,41,139,141,23
06/24/17 09:27,148,79,111,38,52,28
06/24/17 09:27,164,224,207,381,98,22
06/24/17 09:27,133,129,45,186,73,8
06/24/17 09:27,48,199,30,980,72,27
06/24/17 09:27,11,79,157,33,92,20
06/24/17 09:27,54,181,13,145,23,5
06/24/17 09:27,100,86,13,927,143,8
06/24/17 09:27,120,241,10,994,98,27
06/24/17 09:27,59,221,128,826,9,12
06/24/17 09:27,82,186,183,557,26,22
06/24/17 09:27,34,107,37,387,79,7
06/24/17 09:27,53,212,56,179,143,29
06/24/17 09:27,143,212,81,835,66,15
06/24/17 09:27,36,50,72,344,122,6
06/24/17 09:27,173,244,228,681,49,4
06/24/17 09:27,200,63,159,405,20,3
06/24/17 09:27,90,243,146,54,50,8
06/24/17 09:27,64,227,208,192,150,21
06/24/17 09:27,84,57,136,455,74,12
06/24/17 09:27,39,35,206,983,59,21
06/24/17 09:27,166,203,116,55,143,7
06/24/17 09:27,195,62,87,219,116,12
06/24/17 09:27,195,176,195,923,126,19
06/24/17 09:27,10,73,76,128,23,17
06/24/17 09:27,63,116,163,155,1,19
06/24/17 09:27,59,102,88,451,146,2
06/24/17 09:27,81,297,244,215,117,24
06/24/17 09:27,185,298,151,964,95,9
06/24/17 09:27,169,296,206,129,129,2
06/24/17 09:27,105,162,46,167,112,25
06/24/17 09:27,195,149,185,586,102,24
06/24/17 09:27,110,124,194,589,11,14
06/24/17 09:27,132,190,220,444,111,5
06/24/17 09:27,74,5,30,233,20,26
06/24/17 09:27,56,143,100,673,64,19
06/24/17 09:27,186,215,235,764,122,4
06/24/17 09:27,83,186,150,433,24,15
06/24/17 09:27,14,150,157,965,8,17
06/24/17 09:27,73,128,149,112,66,22
06/24/17 09:27,104,277,137,449,130,30
06/24/17 09:27,180,71,220,581,26,15
06/24/17 09:27,131,213,223,321,93,7
06/24/17 09:27,90,162,63,741,75,15
06/24/17 09:27,156,22,135,131,62,26
06/24/17 09:27,166,55,88,942,64,11
06/24/17 09:27,7,233,153,235,30,5
06/24/17 09:27,76,24,94,597,129,5
06/24/17 09:27,117,249,52,786,131,24
06/24/17 09:27,41,296,3,236,101,2
06/24/17 09:27,110,83,216,898,132,14
06/24/17 09:27,138,12,59,576,62,19
06/24/17 09:27,55,42,88,706,59,28
06/24/17 09:27,54,175,64,508,83,25
06/24/17 09:27,50,268,150,547,29,23
06/24/17 09:27,5,248,39,194,43,22
06/24/17 09:27,109,8,9,865,144,26
06/24/17 09:27,137,265,172,940,107,27
06/24/17 09:27,100,100,233,824,31,11
06/24/17 09:27,189,9,185,984,100,9
06/24/17 09:27,142,50,146,575,24,25
06/24/17 09:27,196,271,31,621,96,7
06/24/17 09:27,152,131,248,912,6,2
06/24/17 09:27,7,64,37,634,117,14
06/24/17 09:27,35,89,201,788,122,8
06/24/17 09:27,147,112,129,446,10,2
06/24/17 09:27,61,145,224,259,75,25
06/24/17 09:27,5,268,78,17,50,25
06/24/17 09:27,94,16,47,205,11,16
06/24/17 09:27,8,101,170,656,92,17
06/24/17 09:27,195,14,190,270,28,4
06/24/17 09:27,187,241,59,869,93,29
06/24/17 09:27,137,40,232,87,42,2
06/24/17 09:27,114,48,205,34,128,20
06/24/17 09:27,31,67,81,562,101,13
06/24/17 09:27,173,194,222,595,96,23
06/24/17 09:27,155,114,167,71,139,9
06/24/17 09:27,185,128,21,388,0,16
06/24/17 09:27,164,94,186,530,73,23
06/24/17 09:27,155,61,29,767,77,1
06/24/17 09:27,93,4,96,253,150,25
06/24/17 09:27,25,146,121,439,31,20
06/24/17 09:27,101,114,94,97,26,2
06/24/17 09:27,19,98,23,686,23,6
06/24/17 09:27,161,21,122,408,115,26
06/24/17 09:27,51,285,66,838,24,20
06/24/17 09:27,8,100,153,278,88,14
06/24/17 09:27,111,207,238,697,110,30
06/24/17 09:27,189,170,225,478,9,30
06/24/17 09:27,108,265,29,658,63,5
06/24/17 09:27,138,93,175,891,53,7
06/24/17 09:27,153,41,211,776,4,14
06/24/17 09:27,109,226,145,434,32,20
06/24/17 09:27,158,230,8,345,100,10
06/24/17 09:27,81,151,225,106,145,7
06/24/17 09:27,76,191,197,442,87,6
06/24/17 09:27,42,64,65,566,13,12
06/24/17 09:27,74,140,118,6,41,13
06/24/17 09:27,110,4,135,526,3,6
06/24/17 09:27,20,231,80,911,146,13
06/24/17 09:27,148,167,106,904,70,10
06/24/17 09:27,13,130,85,483,103,14
06/24/17 09:27,151,273,72,616,42,6
06/24/17 09:27,170,155,22,645,3,18
06/24/17 09:27,77,217,25,369,49,25
06/24/17 09:27,81,229,199,241,82,16
06/24/17 09:27,77,201,26,679,113,28
06/24/17 09:27,50,60,141,845,133,28
06/24/17 09:27,2,116,11,23,100,15
06/24/17 09:27,97,40,77,297,19,18
06/24/17 09:27,200,134,233,241,133,22
06/24/17 09:27,126,105,211,588,86,17
06/24/17 09:27,135,175,231,179,116,16
06/24/17 09:27,9,21,170,212,16,14
06/24/17 09:27,140,70,48,514,43,14
06/24/17 09:27,52,265,83,541,124,12
06/24/17 09:27,156,245,156,395,26,17
06/24/17 09:27,107,6,239,96,111,26
06/24/17 09:27,164,283,5,889,62,7
06/24/17 09:27,56,45,158,388,39,2
06/24/17 09:27,77,174,238,412,130,24
06/24/17 09:27,133,113,118,537,7,10
06/24/17 09:27,178,159,10,278,37,5
06/24/17 09:27,66,184,89,338,53,24
06/24/17 09:27,146,118,218,124,8,19
06/24/17 09:27,5,272,96,180,76,23
06/24/17 09:27,199,230,73,323,8,1
06/24/17 09:27,97,117,242,632,18,30
06/24/17 09:27,66,272,207,67,25,20
06/24/17 09:27,111,259,123,244,18,11
06/24/17 09:27,50,128,53,797,133,8
06/24/17 09:27,18,65,223,763,20,28
06/24/17 09:27,82,199,32,876,9,5
06/24/17 09:27,25,85,151,632,35,3
06/24/17 09:27,26,238,198,292,111,12
06/24/17 09:27,149,8,73,236,94,15
06/24/17 09:27,83,233,66,854,51,1
06/24/17 09:27,83,133,69,805,134,23
06/24/17 09:27,11,48,224,954,18,2
06/24/17 09:27,140,257,157,764,27,18
06/24/17 09:27,180,135,90,741,63,9
06/24/17 09:27,125,289,24,106,137,21
06/24/17 09:27,148,120,250,760,15,11
06/24/17 09:27,30,200,84,107,74,18
06/24/17 09:27,20,176,48,193,92,21
06/24/17 09:27,76,5,216,917,139,13
06/24/17 09:27,20,125,49,2,86,20
06/24/17 09:27,82,205,42,180,41,21
06/24/17 09:27,144,218,77,277,120,15
06/24/17 09:27,72,115,8,414,24,30
06/24/17 09:27,4,99,55,339,47,1
06/24/17 09:27,76,131,70,602,6,3
06/24/17 09:27,164,252,179,7,51,17
06/24/17 09:27,27,180,219,171,82,27
06/24/17 09:27,160,156,125,918,8,3
06/24/17 09:27,169,11,131,972,103,29
06/24/17 09:27,122,28,157,74,63,23
06/24/17 09:27,33,231,137,844,150,19
06/24/17 09:27,36,91,165,31,36,9
06/24/17 09:27,170,206,233,85,87,20
06/24/17 09:27,172,128,232,749,57,18
06/24/17 09:27,92,45,197,653,11,16
06/24/17 09:27,177,133,235,88,118,24
06/24/17 09:27,188,110,214,899,41,14
06/24/17 09:27,88,52,243,844,31,14
06/24/17 09:27,186,241,71,931,130,19
06/24/17 09:27,71,233,216,473,138,6
06/24/17 09:27,84,157,233,22,40,18
06/24/17 09:27,65,34,87,593,69,7
06/24/17 09:27,164,54,205,255,66,14
06/24/17 09:27,73,53,233,458,135,12
06/24/17 09:27,182,300,138,937,14,20
06/24/17 09:27,12,95,137,352,128,20
06/24/17 09:27,77,56,123,198,38,2
06/24/17 09:27,123,250,51,530,82,13
06/24/17 09:27,121,95,217,911,89,14
06/24/17 09:27,134,266,78,60,113,15
06/24/17 09:27,117,191,24,761,122,16
06/24/17 09:27,82,141,163,203,79,26
06/24/17 09:27,64,172,74,23,95,22
06/24/17 09:27,175,221,27,221,29,6
06/24/17 09:27,19,9,247,630,38,6
06/24/17 09:27,79,220,215,39,129,12
06/24/17 09:27,9,223,193,782,79,7
06/24/17 09:27,21,184,218,291,68,22
06/24/17 09:27,133,265,109,541,90,12
06/24/17 09:27,127,146,174,970,135,16
06/24/17 09:27,57,101,219,555,103,7
06/24/17 09:27,71,2,133,329,129,30
06/24/17 09:27,55,294,152,25,72,1
06/24/17 09:27,110,117,152,738,88,16
06/24/17 09:27,152,263,120,786,50,9
06/24/17 09:27,186,28,99,251,57,2
06/24/17 09:27,188,278,126,363,6,28
06/24/17 09:27,54,281,78,127,143,19
06/24/17 09:27,173,103,200,786,77,17
06/24/17 09:27,144,44,170,381,120,19
06/24/17 09:27,38,184,116,878,61,1
06/24/17 09:27,136,216,74,486,99,23
06/24/17 09:27,21,276,102,392,26,17
06/24/17 09:27,170,287,187,65,106,27
06/24/17 09:27,198,269,169,358,26,2
06/24/17 09:27,38,61,41,469,24,8
06/24/17 09:27,178,225,43,817,141,9
06/24/17 09:27,67,147,57,766,53,8
06/24/17 09:27,121,242,245,462,21,18
06/24/17 09:27,140,162,249,847,114,5
06/24/17 09:27,182,209,200,378,0,25
06/24/17 09:27,132,248,34,628,27,23
06/24/17 09:27,138,28,49,842,7,14
06/24/17 09:27,97,243,238,10,100,21
06/24/17 09:27,61,272,168,449,129,17
06/24/17 09:27,5,130,192,418,9,9
06/24/17 09:27,117,28,66,930,107,17
06/24/17 09:27,25,199,48,20,9,26
06/24/17 09:27,183,26,7,401,99,22
06/24/17 09:27,187,292,111,237,117,14
06/24/17 09:27,4,127,249,156,55,17
06/24/17 09:27,191,190,221,38,80,3
06/24/17 09:27,188,236,161,621,100,8
06/24/17 09:27,69,219,213,442,95,22
06/24/17 09:27,55,293,135,99,48,7
06/24/17 09:27,9,132,153,634,117,27
06/24/17 09:27,12,251,149,382,3,24
06/24/17 09:27,152,252,29,554,89,8
06/24/17 09:27,128,59,26,216,24,26
06/24/17 09:27,180,122,24,905,118,17
06/24/17 09:27,2,118,212,352,130,2
06/24/17 09:27,86,177,68,233,51,9
06/24/17 09:27,163,242,190,868,32,7
06/24/17 09:27,54,209,87,895,43,17
06/24/17 09:27,144,31,40,236,22,5
06/24/17 09:27,188,215,220,627,91,11
06/24/17 09:27,135,56,22,24,98,26
06/24/17 09:27,133,25,207,289,27,20
06/24/17 09:27,3,92,69,622,82,27
06/24/17 09:27,94,68,192,655,52,7
06/24/17 09:27,133,123,52,858,5,27
06/24/17 09:27,129,63,103,83,53,26
06/24/17 09:27,108,113,191,928,101,24
06/24/17 09:27,49,279,162,790,84,5
06/24/17 09:27,198,147,145,662,116,25
06/24/17 09:27,40,265,167,958,108,18
06/24/17 09:27,198,215,216,456,105,15
06/24/17 09:27,154,288,204,371,38,8
06/24/17 09:27,8,27,124,11,149,17
06/24/17 09:27,47,54,82,748,74,12
06/24/17 09:27,115,222,228,776,109,18
06/24/17 09:27,63,263,213,267,20,28
06/24/17 09:27,145,66,166,912,33,4
06/24/17 09:27,28,189,35,870,129,25
06/24/17 09:27,88,250,182,994,140,25
06/24/17 09:27,116,51,93,311,69,29
06/24/17 09:27,36,117,186,847,83,30
06/24/17 09:27,46,245,119,558,109,30
06/24/17 09:27,199,157,110,488,65,28
06/24/17 09:27,66,288,112,48,82,11
06/24/17 09:27,38,154,21,295,147,19
06/24/17 09:27,64,8,139,165,67,4
06/24/17 09:27,179,220,36,515,55,7
06/24/17 09:27,107,194,106,913,135,15
06/24/17 09:27,167,79,139,750,6,21
06/24/17 09:27,14,257,189,339,139,23
06/24/17 09:27,45,143,245,273,45,25
06/24/17 09:27,146,155,240,942,19,9
06/24/17 09:27,9,184,100,685,98,2
06/24/17 09:27,96,27,26,519,56,22
06/24/17 09:27,4,267,187,774,44,26
06/24/17 09:27,137,153,195,471,55,28
06/24/17 09:27,154,296,0,676,49,11
06/24/17 09:27,10,84,65,632,127,6
06/24/17 09:27,54,115,141,323,91,8
06/24/17 09:27,124,121,21,237,33,4
06/24/17 09:27,28,60,202,281,33,23
06/24/17 09:27,97,222,169,169,125,21
06/24/17 09:27,11,136,48,823,140,11
06/24/17 09:27,128,213,228,775,112,2
06/24/17 09:27,61,66,40,768,87,17
06/24/17 09:27,192,65,28,513,105,23
06/24/17 09:27,40,240,214,884,42,21
06/24/17 09:27,15,111,247,802,46,20
06/24/17 09:27,159,169,33,192,2,15
06/24/17 09:27,111,241,189,394,19,28
06/24/17 09:27,143,153,111,317,94,28
06/24/17 09:27,38,64,59,852,62,17
06/24/17 09:27,22,190,27,308,90,22
06/24/17 09:27,46,51,24,593,104,11
06/24/17 09:27,178,39,183,959,113,25
06/24/17 09:27,92,195,207,268,0,5
06/24/17 09:27,158,234,51,935,118,23
06/24/17 09:27,77,27,196,784,60,10
06/24/17 09:27,125,127,52,73,51,10
06/24/17 09:27,195,57,148,173,31,16
06/24/17 09:27,143,146,179,455,69,16
06/24/17 09:27,181,216,205,231,107,20
06/24/17 09:27,133,219,53,457,38,17
06/24/17 09:27,62,258,187,329,68,29
06/24/17 09:27,177,42,183,458,97,9
06/24/17 09:27,172,159,1,479,71,25
06/24/17 09:27,125,191,236,932,112,21
06/24/17 09:27,40,259,83,546,90,16
06/24/17 09:27,82,1,130,201,53,22
06/24/17 09:27,191,90,38,867,103,1
06/24/17 09:27,181,293,72,830,136,29
06/24/17 09:27,194,274,29,303,82,8
06/24/17 09:27,33,79,247,531,45,6
06/24/17 09:27,24,242,180,875,104,2
06/24/17 09:27,171,206,77,628,21,6
06/24/17 09:27,68,126,101,478,49,19
06/24/17 09:27,98,109,245,834,135,6
06/24/17 09:27,173,272,46,452,48,5
06/24/17 09:27,158,257,232,369,39,10
06/24/17 09:27,73,125,192,485,95,1
06/24/17 09:27,67,167,2,47,118,16
06/24/17 09:27,109,257,191,499,77,14
06/24/17 09:27,97,236,17,6,124,19
06/24/17 09:27,137,233,132,356,99,7
06/24/17 09:27,12,121,209,175,24,21
06/24/17 09:27,27,86,183,580,19,13
06/24/17 09:27,161,164,62,901,105,12
06/24/17 09:27,106,296,154,639,55,21
06/24/17 09:27,146,184,195,679,33,23
06/24/17 09:27,105,209,21,228,110,14
06/24/17 09:27,117,112,154,598,85,12
06/24/17 09:27,35,108,172,746,52,5
06/24/17 09:27,101,47,24,961,112,4
06/24/17 09:27,45,291,148,448,74,19
06/24/17 09:27,95,22,43,331,115,26
06/24/17 09:27,173,191,220,309,100,28
06/24/17 09:27,191,43,179,906,72,27
06/24/17 09:27,37,99,1,941,43,11
06/24/17 09:27,139,158,242,601,92,29
06/24/17 09:27,184,274,69,253,45,23
06/24/17 09:27,174,186,46,834,63,27
06/24/17 09:27,193,52,145,447,91,1
06/24/17 09:27,200,183,221,919,34,8
06/24/17 09:27,169,232,39,54,51,11
06/24/17 09:27,8,129,23,410,135,14
06/24/17 09:27,167,191,78,842,132,12
06/24/17 09:27,98,1,59,43,108,20
06/24/17 09:27,175,279,107,145,8,29
06/24/17 09:27,147,273,94,967,15,3
06/24/17 09:27,55,217,36,264,81,19
06/24/17 09:27,117,9,148,157,38,24
06/24/17 09:27,183,102,4,442,149,26
06/24/17 09:27,34,262,175,939,106,14
06/24/17 09:27,165,248,1,997,8,16
06/24/17 09:27,170,137,165,524,141,2
06/24/17 09:27,182,36,181,954,26,22
06/24/17 09:27,124,278,247,860,119,23
06/24/17 09:27,22,18,133,68,21,10
06/24/17 09:27,81,221,89,656,68,11
06/24/17 09:27,56,293,85,28,65,2
06/24/17 09:27,146,268,241,746,78,13
06/24/17 09:27,56,91,97,348,1,27
06/24/17 09:27,190,146,153,825,3,20
06/24/17 09:27,158,275,201,205,87,24
06/24/17 09:27,94,22,92,714,63,2
06/24/17 09:27,168,272,186,883,126,29
06/24/17 09:27,133,139,227,776,6,12
06/24/17 09:27,58,246,33,773,90,10
